upwind           0       1  0.1000000000000000E+01  512000      50  0.5553007125854492E-02  0.4351401329040527E-01  0.1001358032226562E-04
upwind           0       2  0.1000000000000000E+01  512000      50  0.2406835556030273E-02  0.2200913429260254E-01  0.6333827972412109E-02
upwind           1       2  0.1000000000000000E+01  512000      50  0.2436876296997070E-02  0.2205610275268555E-01  0.8559226989746094E-04
upwind           0       3  0.1000000000000000E+01  512000      50  0.1739978790283203E-02  0.1261901855468750E-01  0.1309156417846680E-02
upwind           1       3  0.1000000000000000E+01  512000      50  0.1773118972778320E-02  0.1262998580932617E-01  0.1462936401367188E-02
upwind           2       3  0.1000000000000000E+01  512000      50  0.1789093017578125E-02  0.1263594627380371E-01  0.7462501525878906E-04
upwind           0       4  0.1000000000000000E+01  512000      50  0.1331090927124023E-02  0.1059603691101074E-01  0.1790761947631836E-02
upwind           1       4  0.1000000000000000E+01  512000      50  0.1355171203613281E-02  0.1066493988037109E-01  0.1708745956420898E-02
upwind           2       4  0.1000000000000000E+01  512000      50  0.1343965530395508E-02  0.1070809364318848E-01  0.2801418304443359E-03
upwind           3       4  0.1000000000000000E+01  512000      50  0.1351118087768555E-02  0.1070690155029297E-01  0.4184246063232422E-03
upwind           0       5  0.1000000000000000E+01  512000      50  0.1094102859497070E-02  0.8110046386718750E-02  0.4434585571289062E-03
upwind           1       5  0.1000000000000000E+01  512000      50  0.1111030578613281E-02  0.8131027221679688E-02  0.4489421844482422E-03
upwind           2       5  0.1000000000000000E+01  512000      50  0.1114130020141602E-02  0.8138895034790039E-02  0.4940032958984375E-03
upwind           3       5  0.1000000000000000E+01  512000      50  0.1114130020141602E-02  0.8129835128784180E-02  0.4916191101074219E-03
upwind           4       5  0.1000000000000000E+01  512000      50  0.1093149185180664E-02  0.8128881454467773E-02  0.5459785461425781E-03
upwind           0       6  0.1000000000000000E+01  512000      50  0.1090049743652344E-02  0.6717920303344727E-02  0.6959438323974609E-03
upwind           1       6  0.1000000000000000E+01  512000      50  0.1109838485717773E-02  0.6745100021362305E-02  0.6279945373535156E-03
upwind           2       6  0.1000000000000000E+01  512000      50  0.1114845275878906E-02  0.6752967834472656E-02  0.7424354553222656E-03
upwind           3       6  0.1000000000000000E+01  512000      50  0.1112937927246094E-02  0.6767988204956055E-02  0.5388259887695312E-03
upwind           4       6  0.1000000000000000E+01  512000      50  0.1104831695556641E-02  0.6791114807128906E-02  0.2365112304687500E-03
upwind           5       6  0.1000000000000000E+01  512000      50  0.1095056533813477E-02  0.6783962249755859E-02  0.4296302795410156E-03
upwind           0       7  0.1000000000000000E+01  512000      50  0.9248256683349609E-03  0.5992174148559570E-02  0.5919933319091797E-03
upwind           1       7  0.1000000000000000E+01  512000      50  0.9469985961914062E-03  0.5995988845825195E-02  0.5998611450195312E-03
upwind           2       7  0.1000000000000000E+01  512000      50  0.9489059448242188E-03  0.5998134613037109E-02  0.5977153778076172E-03
upwind           3       7  0.1000000000000000E+01  512000      50  0.9279251098632812E-03  0.6002187728881836E-02  0.5037784576416016E-03
upwind           4       7  0.1000000000000000E+01  512000      50  0.9567737579345703E-03  0.5998134613037109E-02  0.4513263702392578E-03
upwind           5       7  0.1000000000000000E+01  512000      50  0.9548664093017578E-03  0.6000995635986328E-02  0.4096031188964844E-03
upwind           6       7  0.1000000000000000E+01  512000      50  0.9558200836181641E-03  0.6000041961669922E-02  0.4608631134033203E-03
upwind           0       8  0.1000000000000000E+01  512000      50  0.8120536804199219E-03  0.5323886871337891E-02  0.5466938018798828E-03
upwind           1       8  0.1000000000000000E+01  512000      50  0.8361339569091797E-03  0.5332946777343750E-02  0.7114410400390625E-03
upwind           2       8  0.1000000000000000E+01  512000      50  0.8380413055419922E-03  0.5338907241821289E-02  0.6792545318603516E-03
upwind           3       8  0.1000000000000000E+01  512000      50  0.8211135864257812E-03  0.5347967147827148E-02  0.4000663757324219E-03
upwind           4       8  0.1000000000000000E+01  512000      50  0.8189678192138672E-03  0.5363941192626953E-02  0.5095005035400391E-03
upwind           5       8  0.1000000000000000E+01  512000      50  0.8192062377929688E-03  0.5363941192626953E-02  0.6337165832519531E-03
upwind           6       8  0.1000000000000000E+01  512000      50  0.8211135864257812E-03  0.5362033843994141E-02  0.6241798400878906E-03
upwind           7       8  0.1000000000000000E+01  512000      50  0.8020401000976562E-03  0.5363941192626953E-02  0.5221366882324219E-03
upwind           0       9  0.1000000000000000E+01  512000      50  0.8192062377929688E-03  0.4825830459594727E-02  0.4155635833740234E-03
upwind           1       9  0.1000000000000000E+01  512000      50  0.8459091186523438E-03  0.4829168319702148E-02  0.4189014434814453E-03
upwind           2       9  0.1000000000000000E+01  512000      50  0.8459091186523438E-03  0.4832983016967773E-02  0.4367828369140625E-03
upwind           3       9  0.1000000000000000E+01  512000      50  0.8440017700195312E-03  0.4835128784179688E-02  0.4396438598632812E-03
upwind           4       9  0.1000000000000000E+01  512000      50  0.8418560028076172E-03  0.4839181900024414E-02  0.3235340118408203E-03
upwind           5       9  0.1000000000000000E+01  512000      50  0.8389949798583984E-03  0.4834175109863281E-02  0.9076595306396484E-03
upwind           6       9  0.1000000000000000E+01  512000      50  0.8409023284912109E-03  0.4834175109863281E-02  0.9133815765380859E-03
upwind           7       9  0.1000000000000000E+01  512000      50  0.8389949798583984E-03  0.4835128784179688E-02  0.9138584136962891E-03
upwind           8       9  0.1000000000000000E+01  512000      50  0.8418560028076172E-03  0.4837036132812500E-02  0.8084774017333984E-03
upwind           0      10  0.1000000000000000E+01  512000      50  0.7700920104980469E-03  0.4221916198730469E-02  0.5350112915039062E-03
upwind           1      10  0.1000000000000000E+01  512000      50  0.7932186126708984E-03  0.4227876663208008E-02  0.5707740783691406E-03
upwind           2      10  0.1000000000000000E+01  512000      50  0.7879734039306641E-03  0.4230976104736328E-02  0.5614757537841797E-03
upwind           3      10  0.1000000000000000E+01  512000      50  0.7941722869873047E-03  0.4246950149536133E-02  0.3700256347656250E-03
upwind           4      10  0.1000000000000000E+01  512000      50  0.7901191711425781E-03  0.4246950149536133E-02  0.5803108215332031E-03
upwind           5      10  0.1000000000000000E+01  512000      50  0.7882118225097656E-03  0.4249811172485352E-02  0.5333423614501953E-03
upwind           6      10  0.1000000000000000E+01  512000      50  0.7882118225097656E-03  0.4251956939697266E-02  0.5404949188232422E-03
upwind           7      10  0.1000000000000000E+01  512000      50  0.7891654968261719E-03  0.4253864288330078E-02  0.4308223724365234E-03
upwind           8      10  0.1000000000000000E+01  512000      50  0.7851123809814453E-03  0.4252910614013672E-02  0.5466938018798828E-03
upwind           9      10  0.1000000000000000E+01  512000      50  0.7870197296142578E-03  0.4251956939697266E-02  0.5364418029785156E-03
upwind           0      11  0.1000000000000000E+01  512000      50  0.7259845733642578E-03  0.4086017608642578E-02  0.5695819854736328E-03
upwind           1      11  0.1000000000000000E+01  512000      50  0.7481575012207031E-03  0.4093885421752930E-02  0.5679130554199219E-03
upwind           2      11  0.1000000000000000E+01  512000      50  0.7569789886474609E-03  0.4096031188964844E-02  0.5695819854736328E-03
upwind           3      11  0.1000000000000000E+01  512000      50  0.7560253143310547E-03  0.4101991653442383E-02  0.5702972412109375E-03
upwind           4      11  0.1000000000000000E+01  512000      50  0.7560253143310547E-03  0.4106998443603516E-02  0.3654956817626953E-03
upwind           5      11  0.1000000000000000E+01  512000      50  0.7560253143310547E-03  0.4102945327758789E-02  0.5550384521484375E-03
upwind           6      11  0.1000000000000000E+01  512000      50  0.7550716400146484E-03  0.4101991653442383E-02  0.7841587066650391E-03
upwind           7      11  0.1000000000000000E+01  512000      50  0.7481575012207031E-03  0.4102945327758789E-02  0.7886886596679688E-03
upwind           8      11  0.1000000000000000E+01  512000      50  0.7541179656982422E-03  0.4104852676391602E-02  0.6833076477050781E-03
upwind           9      11  0.1000000000000000E+01  512000      50  0.7529258728027344E-03  0.4102945327758789E-02  0.7936954498291016E-03
upwind          10      11  0.1000000000000000E+01  512000      50  0.7579326629638672E-03  0.4102945327758789E-02  0.7743835449218750E-03
upwind           0      12  0.1000000000000000E+01  512000      50  0.7359981536865234E-03  0.3801107406616211E-02  0.4637241363525391E-03
upwind           1      12  0.1000000000000000E+01  512000      50  0.7419586181640625E-03  0.3803014755249023E-02  0.4684925079345703E-03
upwind           2      12  0.1000000000000000E+01  512000      50  0.7588863372802734E-03  0.3798007965087891E-02  0.5698204040527344E-03
upwind           3      12  0.1000000000000000E+01  512000      50  0.7519721984863281E-03  0.3798961639404297E-02  0.5619525909423828E-03
upwind           4      12  0.1000000000000000E+01  512000      50  0.7469654083251953E-03  0.3797054290771484E-02  0.6778240203857422E-03
upwind           5      12  0.1000000000000000E+01  512000      50  0.7500648498535156E-03  0.3801107406616211E-02  0.5655288696289062E-03
upwind           6      12  0.1000000000000000E+01  512000      50  0.7519721984863281E-03  0.3798961639404297E-02  0.5965232849121094E-03
upwind           7      12  0.1000000000000000E+01  512000      50  0.7438659667968750E-03  0.3799915313720703E-02  0.5996227264404297E-03
upwind           8      12  0.1000000000000000E+01  512000      50  0.7500648498535156E-03  0.3800868988037109E-02  0.6124973297119141E-03
upwind           9      12  0.1000000000000000E+01  512000      50  0.7450580596923828E-03  0.3799915313720703E-02  0.6337165832519531E-03
upwind          10      12  0.1000000000000000E+01  512000      50  0.7529258728027344E-03  0.3803968429565430E-02  0.4971027374267578E-03
upwind          11      12  0.1000000000000000E+01  512000      50  0.7438659667968750E-03  0.3801107406616211E-02  0.6151199340820312E-03
upwind           0      13  0.1000000000000000E+01  512000      50  0.7150173187255859E-03  0.3496170043945312E-02  0.4434585571289062E-03
upwind           1      13  0.1000000000000000E+01  512000      50  0.7178783416748047E-03  0.3499031066894531E-02  0.3612041473388672E-03
upwind           2      13  0.1000000000000000E+01  512000      50  0.7188320159912109E-03  0.3497123718261719E-02  0.4718303680419922E-03
upwind           3      13  0.1000000000000000E+01  512000      50  0.7188320159912109E-03  0.3497123718261719E-02  0.4644393920898438E-03
upwind           4      13  0.1000000000000000E+01  512000      50  0.7238388061523438E-03  0.3498077392578125E-02  0.4887580871582031E-03
upwind           5      13  0.1000000000000000E+01  512000      50  0.7150173187255859E-03  0.3499984741210938E-02  0.3533363342285156E-03
upwind           6      13  0.1000000000000000E+01  512000      50  0.7259845733642578E-03  0.3498077392578125E-02  0.4551410675048828E-03
upwind           7      13  0.1000000000000000E+01  512000      50  0.7140636444091797E-03  0.3499984741210938E-02  0.4067420959472656E-03
upwind           8      13  0.1000000000000000E+01  512000      50  0.7250308990478516E-03  0.3494977951049805E-02  0.5340576171875000E-03
upwind           9      13  0.1000000000000000E+01  512000      50  0.7200241088867188E-03  0.3499031066894531E-02  0.5519390106201172E-03
upwind          10      13  0.1000000000000000E+01  512000      50  0.7150173187255859E-03  0.3499984741210938E-02  0.5421638488769531E-03
upwind          11      13  0.1000000000000000E+01  512000      50  0.7200241088867188E-03  0.3500938415527344E-02  0.5459785461425781E-03
upwind          12      13  0.1000000000000000E+01  512000      50  0.7209777832031250E-03  0.3500938415527344E-02  0.5953311920166016E-03
upwind           0      14  0.1000000000000000E+01  512000      50  0.6690025329589844E-03  0.3427028656005859E-02  0.6639957427978516E-03
upwind           1      14  0.1000000000000000E+01  512000      50  0.6899833679199219E-03  0.3431081771850586E-02  0.6549358367919922E-03
upwind           2      14  0.1000000000000000E+01  512000      50  0.6949901580810547E-03  0.3433942794799805E-02  0.6566047668457031E-03
upwind           3      14  0.1000000000000000E+01  512000      50  0.6880760192871094E-03  0.3437995910644531E-02  0.5416870117187500E-03
upwind           4      14  0.1000000000000000E+01  512000      50  0.6909370422363281E-03  0.3438949584960938E-02  0.5557537078857422E-03
upwind           5      14  0.1000000000000000E+01  512000      50  0.6790161132812500E-03  0.3439903259277344E-02  0.6566047668457031E-03
upwind           6      14  0.1000000000000000E+01  512000      50  0.6878376007080078E-03  0.3443002700805664E-02  0.5514621734619141E-03
upwind           7      14  0.1000000000000000E+01  512000      50  0.6909370422363281E-03  0.3442049026489258E-02  0.6291866302490234E-03
upwind           8      14  0.1000000000000000E+01  512000      50  0.6918907165527344E-03  0.3443956375122070E-02  0.5309581756591797E-03
upwind           9      14  0.1000000000000000E+01  512000      50  0.6918907165527344E-03  0.3441095352172852E-02  0.6453990936279297E-03
upwind          10      14  0.1000000000000000E+01  512000      50  0.6928443908691406E-03  0.3441095352172852E-02  0.6313323974609375E-03
upwind          11      14  0.1000000000000000E+01  512000      50  0.6918907165527344E-03  0.3442049026489258E-02  0.6365776062011719E-03
upwind          12      14  0.1000000000000000E+01  512000      50  0.6840229034423828E-03  0.3443956375122070E-02  0.6406307220458984E-03
upwind          13      14  0.1000000000000000E+01  512000      50  0.6840229034423828E-03  0.3446102142333984E-02  0.5221366882324219E-03
upwind           0      15  0.1000000000000000E+01  512000      50  0.6799697875976562E-03  0.3325939178466797E-02  0.5073547363281250E-03
upwind           1      15  0.1000000000000000E+01  512000      50  0.6949901580810547E-03  0.3326892852783203E-02  0.5514621734619141E-03
upwind           2      15  0.1000000000000000E+01  512000      50  0.6990432739257812E-03  0.3327131271362305E-02  0.6322860717773438E-03
upwind           3      15  0.1000000000000000E+01  512000      50  0.6890296936035156E-03  0.3330945968627930E-02  0.6303787231445312E-03
upwind           4      15  0.1000000000000000E+01  512000      50  0.6978511810302734E-03  0.3332138061523438E-02  0.5483627319335938E-03
upwind           5      15  0.1000000000000000E+01  512000      50  0.6968975067138672E-03  0.3334045410156250E-02  0.6601810455322266E-03
upwind           6      15  0.1000000000000000E+01  512000      50  0.6968975067138672E-03  0.3337144851684570E-02  0.5400180816650391E-03
upwind           7      15  0.1000000000000000E+01  512000      50  0.6959438323974609E-03  0.3335952758789062E-02  0.6432533264160156E-03
upwind           8      15  0.1000000000000000E+01  512000      50  0.7009506225585938E-03  0.3334045410156250E-02  0.7033348083496094E-03
upwind           9      15  0.1000000000000000E+01  512000      50  0.6999969482421875E-03  0.3335952758789062E-02  0.7102489471435547E-03
upwind          10      15  0.1000000000000000E+01  512000      50  0.6990432739257812E-03  0.3334999084472656E-02  0.6985664367675781E-03
upwind          11      15  0.1000000000000000E+01  512000      50  0.6999969482421875E-03  0.3335952758789062E-02  0.7066726684570312E-03
upwind          12      15  0.1000000000000000E+01  512000      50  0.6959438323974609E-03  0.3339052200317383E-02  0.5855560302734375E-03
upwind          13      15  0.1000000000000000E+01  512000      50  0.6980895996093750E-03  0.3336906433105469E-02  0.6799697875976562E-03
upwind          14      15  0.1000000000000000E+01  512000      50  0.6990432739257812E-03  0.3340005874633789E-02  0.5812644958496094E-03
upwind           0      16  0.1000000000000000E+01  512000      50  0.8559226989746094E-03  0.3126144409179688E-02  0.6215572357177734E-03
upwind           1      16  0.1000000000000000E+01  512000      50  0.8680820465087891E-03  0.3133058547973633E-02  0.6165504455566406E-03
upwind           2      16  0.1000000000000000E+01  512000      50  0.8778572082519531E-03  0.3137111663818359E-02  0.6256103515625000E-03
upwind           3      16  0.1000000000000000E+01  512000      50  0.8680820465087891E-03  0.3144025802612305E-02  0.6353855133056641E-03
upwind           4      16  0.1000000000000000E+01  512000      50  0.8649826049804688E-03  0.3147125244140625E-02  0.6291866302490234E-03
upwind           5      16  0.1000000000000000E+01  512000      50  0.8699893951416016E-03  0.3153085708618164E-02  0.6437301635742188E-03
upwind           6      16  0.1000000000000000E+01  512000      50  0.8668899536132812E-03  0.3157138824462891E-02  0.6492137908935547E-03
upwind           7      16  0.1000000000000000E+01  512000      50  0.8668899536132812E-03  0.3163099288940430E-02  0.6952285766601562E-03
upwind           8      16  0.1000000000000000E+01  512000      50  0.8769035339355469E-03  0.3167152404785156E-02  0.6530284881591797E-03
upwind           9      16  0.1000000000000000E+01  512000      50  0.8769035339355469E-03  0.3172159194946289E-02  0.6616115570068359E-03
upwind          10      16  0.1000000000000000E+01  512000      50  0.8759498596191406E-03  0.3178119659423828E-02  0.7035732269287109E-03
upwind          11      16  0.1000000000000000E+01  512000      50  0.8668899536132812E-03  0.3184080123901367E-02  0.4582405090332031E-03
upwind          12      16  0.1000000000000000E+01  512000      50  0.8659362792968750E-03  0.3179073333740234E-02  0.6589889526367188E-03
upwind          13      16  0.1000000000000000E+01  512000      50  0.8788108825683594E-03  0.3179073333740234E-02  0.6620883941650391E-03
upwind          14      16  0.1000000000000000E+01  512000      50  0.8800029754638672E-03  0.3178834915161133E-02  0.6663799285888672E-03
upwind          15      16  0.1000000000000000E+01  512000      50  0.8788108825683594E-03  0.3180027008056641E-02  0.6737709045410156E-03
upwind           0      17  0.1000000000000000E+01  512000      50  0.6880760192871094E-03  0.2998828887939453E-02  0.6120204925537109E-03
upwind           1      17  0.1000000000000000E+01  512000      50  0.6940364837646484E-03  0.3003835678100586E-02  0.6794929504394531E-03
upwind           2      17  0.1000000000000000E+01  512000      50  0.7100105285644531E-03  0.3005027770996094E-02  0.6387233734130859E-03
upwind           3      17  0.1000000000000000E+01  512000      50  0.7021427154541016E-03  0.3007888793945312E-02  0.6673336029052734E-03
upwind           4      17  0.1000000000000000E+01  512000      50  0.6940364837646484E-03  0.3009080886840820E-02  0.6468296051025391E-03
upwind           5      17  0.1000000000000000E+01  512000      50  0.6971359252929688E-03  0.3014802932739258E-02  0.6544589996337891E-03
upwind           6      17  0.1000000000000000E+01  512000      50  0.7100105285644531E-03  0.3016948699951172E-02  0.6380081176757812E-03
upwind           7      17  0.1000000000000000E+01  512000      50  0.7090568542480469E-03  0.3021955490112305E-02  0.7054805755615234E-03
upwind           8      17  0.1000000000000000E+01  512000      50  0.7078647613525391E-03  0.3021001815795898E-02  0.6484985351562500E-03
upwind           9      17  0.1000000000000000E+01  512000      50  0.7069110870361328E-03  0.3029108047485352E-02  0.5464553833007812E-03
upwind          10      17  0.1000000000000000E+01  512000      50  0.6971359252929688E-03  0.3024816513061523E-02  0.6504058837890625E-03
upwind          11      17  0.1000000000000000E+01  512000      50  0.6980895996093750E-03  0.3025770187377930E-02  0.6668567657470703E-03
upwind          12      17  0.1000000000000000E+01  512000      50  0.7119178771972656E-03  0.3023862838745117E-02  0.6573200225830078E-03
upwind          13      17  0.1000000000000000E+01  512000      50  0.7050037384033203E-03  0.3026962280273438E-02  0.6740093231201172E-03
upwind          14      17  0.1000000000000000E+01  512000      50  0.7021427154541016E-03  0.3026008605957031E-02  0.7367134094238281E-03
upwind          15      17  0.1000000000000000E+01  512000      50  0.6940364837646484E-03  0.3027915954589844E-02  0.6802082061767578E-03
upwind          16      17  0.1000000000000000E+01  512000      50  0.8141994476318359E-03  0.3022909164428711E-02  0.9765625000000000E-03
upwind           0      18  0.1000000000000000E+01  512000      50  0.6940364837646484E-03  0.2792119979858398E-02  0.4334449768066406E-03
upwind           1      18  0.1000000000000000E+01  512000      50  0.6959438323974609E-03  0.2794027328491211E-02  0.4448890686035156E-03
upwind           2      18  0.1000000000000000E+01  512000      50  0.6990432739257812E-03  0.2791881561279297E-02  0.5617141723632812E-03
upwind           3      18  0.1000000000000000E+01  512000      50  0.7009506225585938E-03  0.2791881561279297E-02  0.5397796630859375E-03
upwind           4      18  0.1000000000000000E+01  512000      50  0.7069110870361328E-03  0.2791881561279297E-02  0.6034374237060547E-03
upwind           5      18  0.1000000000000000E+01  512000      50  0.7131099700927734E-03  0.2791881561279297E-02  0.6089210510253906E-03
upwind           6      18  0.1000000000000000E+01  512000      50  0.7131099700927734E-03  0.2793073654174805E-02  0.6368160247802734E-03
upwind           7      18  0.1000000000000000E+01  512000      50  0.7121562957763672E-03  0.2794981002807617E-02  0.6053447723388672E-03
upwind           8      18  0.1000000000000000E+01  512000      50  0.6961822509765625E-03  0.2790927886962891E-02  0.5836486816406250E-03
upwind           9      18  0.1000000000000000E+01  512000      50  0.7119178771972656E-03  0.2792119979858398E-02  0.6070137023925781E-03
upwind          10      18  0.1000000000000000E+01  512000      50  0.6999969482421875E-03  0.2795934677124023E-02  0.5767345428466797E-03
upwind          11      18  0.1000000000000000E+01  512000      50  0.7128715515136719E-03  0.2798080444335938E-02  0.6020069122314453E-03
upwind          12      18  0.1000000000000000E+01  512000      50  0.7028579711914062E-03  0.2799987792968750E-02  0.5817413330078125E-03
upwind          13      18  0.1000000000000000E+01  512000      50  0.7119178771972656E-03  0.2804040908813477E-02  0.5121231079101562E-03
upwind          14      18  0.1000000000000000E+01  512000      50  0.7100105285644531E-03  0.2801895141601562E-02  0.5691051483154297E-03
upwind          15      18  0.1000000000000000E+01  512000      50  0.6849765777587891E-03  0.2803087234497070E-02  0.5860328674316406E-03
upwind          16      18  0.1000000000000000E+01  512000      50  0.7021427154541016E-03  0.2797842025756836E-02  0.8709430694580078E-03
upwind          17      18  0.1000000000000000E+01  512000      50  0.6837844848632812E-03  0.2798080444335938E-02  0.1034498214721680E-02
upwind           0      19  0.1000000000000000E+01  512000      50  0.8869171142578125E-03  0.2772092819213867E-02  0.7362365722656250E-03
upwind           1      19  0.1000000000000000E+01  512000      50  0.8988380432128906E-03  0.2779960632324219E-02  0.6701946258544922E-03
upwind           2      19  0.1000000000000000E+01  512000      50  0.8881092071533203E-03  0.2785921096801758E-02  0.7135868072509766E-03
upwind           3      19  0.1000000000000000E+01  512000      50  0.9000301361083984E-03  0.2797842025756836E-02  0.7481575012207031E-03
upwind           4      19  0.1000000000000000E+01  512000      50  0.8940696716308594E-03  0.2802848815917969E-02  0.5567073822021484E-03
upwind           5      19  0.1000000000000000E+01  512000      50  0.8988380432128906E-03  0.2811193466186523E-02  0.7936954498291016E-03
upwind           6      19  0.1000000000000000E+01  512000      50  0.8900165557861328E-03  0.2822160720825195E-02  0.6184577941894531E-03
upwind           7      19  0.1000000000000000E+01  512000      50  0.8950233459472656E-03  0.2828121185302734E-02  0.7059574127197266E-03
upwind           8      19  0.1000000000000000E+01  512000      50  0.8990764617919922E-03  0.2835035324096680E-02  0.7269382476806641E-03
upwind           9      19  0.1000000000000000E+01  512000      50  0.9009838104248047E-03  0.2843856811523438E-02  0.7803440093994141E-03
upwind          10      19  0.1000000000000000E+01  512000      50  0.8900165557861328E-03  0.2851963043212891E-02  0.8087158203125000E-03
upwind          11      19  0.1000000000000000E+01  512000      50  0.8888244628906250E-03  0.2861022949218750E-02  0.7815361022949219E-03
upwind          12      19  0.1000000000000000E+01  512000      50  0.8959770202636719E-03  0.2871036529541016E-02  0.7848739624023438E-03
upwind          13      19  0.1000000000000000E+01  512000      50  0.8997917175292969E-03  0.2876996994018555E-02  0.8070468902587891E-03
upwind          14      19  0.1000000000000000E+01  512000      50  0.8997917175292969E-03  0.2885103225708008E-02  0.6499290466308594E-03
upwind          15      19  0.1000000000000000E+01  512000      50  0.8988380432128906E-03  0.2892971038818359E-02  0.8668899536132812E-03
upwind          16      19  0.1000000000000000E+01  512000      50  0.1077890396118164E-02  0.2900123596191406E-02  0.1035928726196289E-02
upwind          17      19  0.1000000000000000E+01  512000      50  0.1076936721801758E-02  0.2912998199462891E-02  0.1031637191772461E-02
upwind          18      19  0.1000000000000000E+01  512000      50  0.1078844070434570E-02  0.2920150756835938E-02  0.3933906555175781E-03
upwind           0      20  0.1000000000000000E+01  512000      50  0.6308555603027344E-03  0.2493143081665039E-02  0.5340576171875000E-03
upwind           1      20  0.1000000000000000E+01  512000      50  0.6320476531982422E-03  0.2500057220458984E-02  0.5078315734863281E-03
upwind           2      20  0.1000000000000000E+01  512000      50  0.6489753723144531E-03  0.2506017684936523E-02  0.5896091461181641E-03
upwind           3      20  0.1000000000000000E+01  512000      50  0.6520748138427734E-03  0.2513885498046875E-02  0.5593299865722656E-03
upwind           4      20  0.1000000000000000E+01  512000      50  0.6258487701416016E-03  0.2514123916625977E-02  0.5624294281005859E-03
upwind           5      20  0.1000000000000000E+01  512000      50  0.6499290466308594E-03  0.2521991729736328E-02  0.5536079406738281E-03
upwind           6      20  0.1000000000000000E+01  512000      50  0.6508827209472656E-03  0.2526044845581055E-02  0.5402565002441406E-03
upwind           7      20  0.1000000000000000E+01  512000      50  0.6380081176757812E-03  0.2532005310058594E-02  0.5278587341308594E-03
upwind           8      20  0.1000000000000000E+01  512000      50  0.6480216979980469E-03  0.2534151077270508E-02  0.5674362182617188E-03
upwind           9      20  0.1000000000000000E+01  512000      50  0.6508827209472656E-03  0.2542972564697266E-02  0.6835460662841797E-03
upwind          10      20  0.1000000000000000E+01  512000      50  0.6389617919921875E-03  0.2547025680541992E-02  0.5481243133544922E-03
upwind          11      20  0.1000000000000000E+01  512000      50  0.6518363952636719E-03  0.2552986145019531E-02  0.6129741668701172E-03
upwind          12      20  0.1000000000000000E+01  512000      50  0.6461143493652344E-03  0.2561092376708984E-02  0.5693435668945312E-03
upwind          13      20  0.1000000000000000E+01  512000      50  0.6499290466308594E-03  0.2567052841186523E-02  0.6487369537353516E-03
upwind          14      20  0.1000000000000000E+01  512000      50  0.6289482116699219E-03  0.2573013305664062E-02  0.6010532379150391E-03
upwind          15      20  0.1000000000000000E+01  512000      50  0.6499290466308594E-03  0.2578973770141602E-02  0.5924701690673828E-03
upwind          16      20  0.1000000000000000E+01  512000      50  0.6449222564697266E-03  0.2582073211669922E-02  0.6546974182128906E-03
upwind          17      20  0.1000000000000000E+01  512000      50  0.6439685821533203E-03  0.2588987350463867E-02  0.6511211395263672E-03
upwind          18      20  0.1000000000000000E+01  512000      50  0.6449222564697266E-03  0.2591133117675781E-02  0.3993511199951172E-03
upwind          19      20  0.1000000000000000E+01  512000      50  0.6289482116699219E-03  0.2592086791992188E-02  0.3886222839355469E-03
upwind           0      21  0.1000000000000000E+01  512000      50  0.6849765777587891E-03  0.2475023269653320E-02  0.6556510925292969E-03
upwind           1      21  0.1000000000000000E+01  512000      50  0.6890296936035156E-03  0.2479076385498047E-02  0.7059574127197266E-03
upwind           2      21  0.1000000000000000E+01  512000      50  0.6990432739257812E-03  0.2482175827026367E-02  0.6613731384277344E-03
upwind           3      21  0.1000000000000000E+01  512000      50  0.7028579711914062E-03  0.2484083175659180E-02  0.6752014160156250E-03
upwind           4      21  0.1000000000000000E+01  512000      50  0.7038116455078125E-03  0.2485036849975586E-02  0.7154941558837891E-03
upwind           5      21  0.1000000000000000E+01  512000      50  0.6959438323974609E-03  0.2488136291503906E-02  0.6451606750488281E-03
upwind           6      21  0.1000000000000000E+01  512000      50  0.6949901580810547E-03  0.2486944198608398E-02  0.6349086761474609E-03
upwind           7      21  0.1000000000000000E+01  512000      50  0.6952285766601562E-03  0.2489805221557617E-02  0.7195472717285156E-03
upwind           8      21  0.1000000000000000E+01  512000      50  0.6930828094482422E-03  0.2490997314453125E-02  0.6814002990722656E-03
upwind           9      21  0.1000000000000000E+01  512000      50  0.7011890411376953E-03  0.2493858337402344E-02  0.6761550903320312E-03
upwind          10      21  0.1000000000000000E+01  512000      50  0.6961822509765625E-03  0.2493858337402344E-02  0.6172657012939453E-03
upwind          11      21  0.1000000000000000E+01  512000      50  0.7011890411376953E-03  0.2497911453247070E-02  0.7748603820800781E-03
upwind          12      21  0.1000000000000000E+01  512000      50  0.6949901580810547E-03  0.2503156661987305E-02  0.7212162017822266E-03
upwind          13      21  0.1000000000000000E+01  512000      50  0.6999969482421875E-03  0.2505064010620117E-02  0.7004737854003906E-03
upwind          14      21  0.1000000000000000E+01  512000      50  0.6990432739257812E-03  0.2507925033569336E-02  0.6856918334960938E-03
upwind          15      21  0.1000000000000000E+01  512000      50  0.6940364837646484E-03  0.2511024475097656E-02  0.6902217864990234E-03
upwind          16      21  0.1000000000000000E+01  512000      50  0.7169246673583984E-03  0.2511024475097656E-02  0.7438659667968750E-03
upwind          17      21  0.1000000000000000E+01  512000      50  0.7169246673583984E-03  0.2512931823730469E-02  0.6170272827148438E-03
upwind          18      21  0.1000000000000000E+01  512000      50  0.7169246673583984E-03  0.2512931823730469E-02  0.6883144378662109E-03
upwind          19      21  0.1000000000000000E+01  512000      50  0.7109642028808594E-03  0.2510070800781250E-02  0.9925365447998047E-03
upwind          20      21  0.1000000000000000E+01  512000      50  0.7259845733642578E-03  0.2510070800781250E-02  0.9794235229492188E-03
upwind           0      22  0.1000000000000000E+01  512000      50  0.6031990051269531E-03  0.2385854721069336E-02  0.6864070892333984E-03
upwind           1      22  0.1000000000000000E+01  512000      50  0.6048679351806641E-03  0.2391099929809570E-02  0.7219314575195312E-03
upwind           2      22  0.1000000000000000E+01  512000      50  0.6191730499267578E-03  0.2393960952758789E-02  0.6985664367675781E-03
upwind           3      22  0.1000000000000000E+01  512000      50  0.6189346313476562E-03  0.2401113510131836E-02  0.7607936859130859E-03
upwind           4      22  0.1000000000000000E+01  512000      50  0.6201267242431641E-03  0.2401828765869141E-02  0.6854534149169922E-03
upwind           5      22  0.1000000000000000E+01  512000      50  0.6110668182373047E-03  0.2407789230346680E-02  0.7383823394775391E-03
upwind           6      22  0.1000000000000000E+01  512000      50  0.6101131439208984E-03  0.2410888671875000E-02  0.6864070892333984E-03
upwind           7      22  0.1000000000000000E+01  512000      50  0.6132125854492188E-03  0.2414941787719727E-02  0.6892681121826172E-03
upwind           8      22  0.1000000000000000E+01  512000      50  0.6051063537597656E-03  0.2417087554931641E-02  0.7114410400390625E-03
upwind           9      22  0.1000000000000000E+01  512000      50  0.6120204925537109E-03  0.2421855926513672E-02  0.7317066192626953E-03
upwind          10      22  0.1000000000000000E+01  512000      50  0.6189346313476562E-03  0.2424955368041992E-02  0.6930828094482422E-03
upwind          11      22  0.1000000000000000E+01  512000      50  0.6210803985595703E-03  0.2429962158203125E-02  0.7402896881103516E-03
upwind          12      22  0.1000000000000000E+01  512000      50  0.6201267242431641E-03  0.2434968948364258E-02  0.6999969482421875E-03
upwind          13      22  0.1000000000000000E+01  512000      50  0.6201267242431641E-03  0.2438783645629883E-02  0.7526874542236328E-03
upwind          14      22  0.1000000000000000E+01  512000      50  0.6089210510253906E-03  0.2444028854370117E-02  0.7057189941406250E-03
upwind          15      22  0.1000000000000000E+01  512000      50  0.6170272827148438E-03  0.2448081970214844E-02  0.7421970367431641E-03
upwind          16      22  0.1000000000000000E+01  512000      50  0.7100105285644531E-03  0.2450942993164062E-02  0.8983612060546875E-03
upwind          17      22  0.1000000000000000E+01  512000      50  0.7100105285644531E-03  0.2456903457641602E-02  0.8380413055419922E-03
upwind          18      22  0.1000000000000000E+01  512000      50  0.7100105285644531E-03  0.2461910247802734E-02  0.8282661437988281E-03
upwind          19      22  0.1000000000000000E+01  512000      50  0.7021427154541016E-03  0.2468824386596680E-02  0.8962154388427734E-03
upwind          20      22  0.1000000000000000E+01  512000      50  0.7359981536865234E-03  0.2470970153808594E-02  0.6182193756103516E-03
upwind          21      22  0.1000000000000000E+01  512000      50  0.7369518280029297E-03  0.2470970153808594E-02  0.6272792816162109E-03
upwind           0      23  0.1000000000000000E+01  512000      50  0.2671003341674805E-02  0.2102851867675781E-02  0.5073547363281250E-03
upwind           1      23  0.1000000000000000E+01  512000      50  0.2688884735107422E-02  0.2108097076416016E-02  0.5352497100830078E-03
upwind           2      23  0.1000000000000000E+01  512000      50  0.2691984176635742E-02  0.2106904983520508E-02  0.4799365997314453E-03
upwind           3      23  0.1000000000000000E+01  512000      50  0.2691030502319336E-02  0.2110004425048828E-02  0.5319118499755859E-03
upwind           4      23  0.1000000000000000E+01  512000      50  0.2692937850952148E-02  0.2110004425048828E-02  0.4899501800537109E-03
upwind           5      23  0.1000000000000000E+01  512000      50  0.2691984176635742E-02  0.2111911773681641E-02  0.4544258117675781E-03
upwind           6      23  0.1000000000000000E+01  512000      50  0.2692937850952148E-02  0.2113103866577148E-02  0.5095005035400391E-03
upwind           7      23  0.1000000000000000E+01  512000      50  0.2691984176635742E-02  0.2115964889526367E-02  0.4835128784179688E-03
upwind           8      23  0.1000000000000000E+01  512000      50  0.4169940948486328E-03  0.2117872238159180E-02  0.4827976226806641E-03
upwind           9      23  0.1000000000000000E+01  512000      50  0.2688169479370117E-02  0.2120971679687500E-02  0.5722045898437500E-03
upwind          10      23  0.1000000000000000E+01  512000      50  0.2691030502319336E-02  0.2121925354003906E-02  0.5269050598144531E-03
upwind          11      23  0.1000000000000000E+01  512000      50  0.2690076828002930E-02  0.2125024795532227E-02  0.5140304565429688E-03
upwind          12      23  0.1000000000000000E+01  512000      50  0.2691030502319336E-02  0.2125978469848633E-02  0.5500316619873047E-03
upwind          13      23  0.1000000000000000E+01  512000      50  0.2690076828002930E-02  0.2128839492797852E-02  0.5133152008056641E-03
upwind          14      23  0.1000000000000000E+01  512000      50  0.2690076828002930E-02  0.2130985260009766E-02  0.5667209625244141E-03
upwind          15      23  0.1000000000000000E+01  512000      50  0.2689123153686523E-02  0.2133846282958984E-02  0.5044937133789062E-03
upwind          16      23  0.1000000000000000E+01  512000      50  0.2619981765747070E-02  0.2133131027221680E-02  0.4808902740478516E-03
upwind          17      23  0.1000000000000000E+01  512000      50  0.2619981765747070E-02  0.2134084701538086E-02  0.4627704620361328E-03
upwind          18      23  0.1000000000000000E+01  512000      50  0.2596855163574219E-02  0.2134084701538086E-02  0.5240440368652344E-03
upwind          19      23  0.1000000000000000E+01  512000      50  0.2619028091430664E-02  0.2135038375854492E-02  0.5226135253906250E-03
upwind          20      23  0.1000000000000000E+01  512000      50  0.2643823623657227E-02  0.2135038375854492E-02  0.5853176116943359E-03
upwind          21      23  0.1000000000000000E+01  512000      50  0.2642869949340820E-02  0.2135992050170898E-02  0.6070137023925781E-03
upwind          22      23  0.1000000000000000E+01  512000      50  0.2643823623657227E-02  0.2134084701538086E-02  0.5953311920166016E-03
upwind           0      24  0.1000000000000000E+01  512000      50  0.6179809570312500E-03  0.2149820327758789E-02  0.6670951843261719E-03
upwind           1      24  0.1000000000000000E+01  512000      50  0.6380081176757812E-03  0.2155780792236328E-02  0.5772113800048828E-03
upwind           2      24  0.1000000000000000E+01  512000      50  0.6389617919921875E-03  0.2157926559448242E-02  0.6580352783203125E-03
upwind           3      24  0.1000000000000000E+01  512000      50  0.6301403045654297E-03  0.2164840698242188E-02  0.6883144378662109E-03
upwind           4      24  0.1000000000000000E+01  512000      50  0.6439685821533203E-03  0.2167940139770508E-02  0.6771087646484375E-03
upwind           5      24  0.1000000000000000E+01  512000      50  0.6420612335205078E-03  0.2172946929931641E-02  0.5991458892822266E-03
upwind           6      24  0.1000000000000000E+01  512000      50  0.6449222564697266E-03  0.2196073532104492E-02  0.6563663482666016E-03
upwind           7      24  0.1000000000000000E+01  512000      50  0.6439685821533203E-03  0.2202033996582031E-02  0.7016658782958984E-03
upwind           8      24  0.1000000000000000E+01  512000      50  0.6430149078369141E-03  0.2207994461059570E-02  0.7889270782470703E-03
upwind           9      24  0.1000000000000000E+01  512000      50  0.6430149078369141E-03  0.2209901809692383E-02  0.6849765777587891E-03
upwind          10      24  0.1000000000000000E+01  512000      50  0.7009506225585938E-03  0.2171039581298828E-02  0.6616115570068359E-03
upwind          11      24  0.1000000000000000E+01  512000      50  0.7009506225585938E-03  0.2173900604248047E-02  0.6051063537597656E-03
upwind          12      24  0.1000000000000000E+01  512000      50  0.6380081176757812E-03  0.2236843109130859E-02  0.7715225219726562E-03
upwind          13      24  0.1000000000000000E+01  512000      50  0.6380081176757812E-03  0.2238988876342773E-02  0.6952285766601562E-03
upwind          14      24  0.1000000000000000E+01  512000      50  0.6349086761474609E-03  0.2242088317871094E-02  0.7154941558837891E-03
upwind          15      24  0.1000000000000000E+01  512000      50  0.6430149078369141E-03  0.2260923385620117E-02  0.7500648498535156E-03
upwind          16      24  0.1000000000000000E+01  512000      50  0.5838871002197266E-03  0.2258062362670898E-02  0.8754730224609375E-03
upwind          17      24  0.1000000000000000E+01  512000      50  0.5838871002197266E-03  0.2264976501464844E-02  0.8466243743896484E-03
upwind          18      24  0.1000000000000000E+01  512000      50  0.5838871002197266E-03  0.2274990081787109E-02  0.8246898651123047E-03
upwind          19      24  0.1000000000000000E+01  512000      50  0.5838871002197266E-03  0.2281904220581055E-02  0.8246898651123047E-03
upwind          20      24  0.1000000000000000E+01  512000      50  0.5779266357421875E-03  0.2286911010742188E-02  0.6320476531982422E-03
upwind          21      24  0.1000000000000000E+01  512000      50  0.6260871887207031E-03  0.2238035202026367E-02  0.4997253417968750E-03
upwind          22      24  0.1000000000000000E+01  512000      50  0.5559921264648438E-03  0.2290010452270508E-02  0.6368160247802734E-03
upwind          23      24  0.1000000000000000E+01  512000      50  0.5779266357421875E-03  0.2290964126586914E-02  0.5264282226562500E-03
upwind           0      25  0.1000000000000000E+01  512000      50  0.6418228149414062E-03  0.2300024032592773E-02  0.6844997406005859E-03
upwind           1      25  0.1000000000000000E+01  512000      50  0.6449222564697266E-03  0.2303123474121094E-02  0.7104873657226562E-03
upwind           2      25  0.1000000000000000E+01  512000      50  0.6399154663085938E-03  0.2310037612915039E-02  0.6756782531738281E-03
upwind           3      25  0.1000000000000000E+01  512000      50  0.6558895111083984E-03  0.2313137054443359E-02  0.7357597351074219E-03
upwind           4      25  0.1000000000000000E+01  512000      50  0.6518363952636719E-03  0.2314090728759766E-02  0.7016658782958984E-03
upwind           5      25  0.1000000000000000E+01  512000      50  0.6480216979980469E-03  0.2316951751708984E-02  0.7066726684570312E-03
upwind           6      25  0.1000000000000000E+01  512000      50  0.9300708770751953E-03  0.2045869827270508E-02  0.4253387451171875E-03
upwind           7      25  0.1000000000000000E+01  512000      50  0.6530284881591797E-03  0.2323150634765625E-02  0.7112026214599609E-03
upwind           8      25  0.1000000000000000E+01  512000      50  0.6518363952636719E-03  0.2341985702514648E-02  0.7369518280029297E-03
upwind           9      25  0.1000000000000000E+01  512000      50  0.6508827209472656E-03  0.2343177795410156E-02  0.7085800170898438E-03
upwind          10      25  0.1000000000000000E+01  512000      50  0.6499290466308594E-03  0.2345085144042969E-02  0.6754398345947266E-03
upwind          11      25  0.1000000000000000E+01  512000      50  0.6499290466308594E-03  0.2346038818359375E-02  0.7116794586181641E-03
upwind          12      25  0.1000000000000000E+01  512000      50  0.6518363952636719E-03  0.2346038818359375E-02  0.7398128509521484E-03
upwind          13      25  0.1000000000000000E+01  512000      50  0.6508827209472656E-03  0.2350091934204102E-02  0.7481575012207031E-03
upwind          14      25  0.1000000000000000E+01  512000      50  0.6508827209472656E-03  0.2351045608520508E-02  0.5311965942382812E-03
upwind          15      25  0.1000000000000000E+01  512000      50  0.6508827209472656E-03  0.2354145050048828E-02  0.7445812225341797E-03
upwind          16      25  0.1000000000000000E+01  512000      50  0.5841255187988281E-03  0.2351999282836914E-02  0.6396770477294922E-03
upwind          17      25  0.1000000000000000E+01  512000      50  0.5261898040771484E-03  0.2353906631469727E-02  0.6797313690185547E-03
upwind          18      25  0.1000000000000000E+01  512000      50  0.5819797515869141E-03  0.2355098724365234E-02  0.6825923919677734E-03
upwind          19      25  0.1000000000000000E+01  512000      50  0.5819797515869141E-03  0.2356052398681641E-02  0.6818771362304688E-03
upwind          20      25  0.1000000000000000E+01  512000      50  0.5831718444824219E-03  0.2354860305786133E-02  0.6821155548095703E-03
upwind          21      25  0.1000000000000000E+01  512000      50  0.6079673767089844E-03  0.2338886260986328E-02  0.7514953613281250E-03
upwind          22      25  0.1000000000000000E+01  512000      50  0.5929470062255859E-03  0.2356052398681641E-02  0.7529258728027344E-03
upwind          23      25  0.1000000000000000E+01  512000      50  0.5929470062255859E-03  0.2356052398681641E-02  0.7569789886474609E-03
upwind          24      25  0.1000000000000000E+01  512000      50  0.5939006805419922E-03  0.2356052398681641E-02  0.7839202880859375E-03
upwind           0      26  0.1000000000000000E+01  512000      50  0.8759498596191406E-03  0.1827001571655273E-02  0.4963874816894531E-03
upwind           1      26  0.1000000000000000E+01  512000      50  0.7729530334472656E-03  0.1971006393432617E-02  0.6375312805175781E-03
upwind           2      26  0.1000000000000000E+01  512000      50  0.7541179656982422E-03  0.1973867416381836E-02  0.6499290466308594E-03
upwind           3      26  0.1000000000000000E+01  512000      50  0.7739067077636719E-03  0.1980066299438477E-02  0.6177425384521484E-03
upwind           4      26  0.1000000000000000E+01  512000      50  0.7579326629638672E-03  0.1983165740966797E-02  0.6062984466552734E-03
upwind           5      26  0.1000000000000000E+01  512000      50  0.7710456848144531E-03  0.1988172531127930E-02  0.6730556488037109E-03
upwind           6      26  0.1000000000000000E+01  512000      50  0.7650852203369141E-03  0.1991033554077148E-02  0.6928443908691406E-03
upwind           7      26  0.1000000000000000E+01  512000      50  0.7619857788085938E-03  0.1996994018554688E-02  0.6370544433593750E-03
upwind           8      26  0.1000000000000000E+01  512000      50  0.7588863372802734E-03  0.2001047134399414E-02  0.6442070007324219E-03
upwind           9      26  0.1000000000000000E+01  512000      50  0.7719993591308594E-03  0.2005100250244141E-02  0.6396770477294922E-03
upwind          10      26  0.1000000000000000E+01  512000      50  0.7741451263427734E-03  0.2007961273193359E-02  0.6942749023437500E-03
upwind          11      26  0.1000000000000000E+01  512000      50  0.7638931274414062E-03  0.2014160156250000E-02  0.6763935089111328E-03
upwind          12      26  0.1000000000000000E+01  512000      50  0.7669925689697266E-03  0.2017021179199219E-02  0.6880760192871094E-03
upwind          13      26  0.1000000000000000E+01  512000      50  0.7729530334472656E-03  0.2022027969360352E-02  0.6651878356933594E-03
upwind          14      26  0.1000000000000000E+01  512000      50  0.7641315460205078E-03  0.2025842666625977E-02  0.7288455963134766E-03
upwind          15      26  0.1000000000000000E+01  512000      50  0.7598400115966797E-03  0.2032995223999023E-02  0.6942749023437500E-03
upwind          16      26  0.1000000000000000E+01  512000      50  0.5528926849365234E-03  0.2033948898315430E-02  0.5283355712890625E-03
upwind          17      26  0.1000000000000000E+01  512000      50  0.5509853363037109E-03  0.2034902572631836E-02  0.5962848663330078E-03
upwind          18      26  0.1000000000000000E+01  512000      50  0.5559921264648438E-03  0.2032995223999023E-02  0.6208419799804688E-03
upwind          19      26  0.1000000000000000E+01  512000      50  0.5519390106201172E-03  0.2033948898315430E-02  0.6275177001953125E-03
upwind          20      26  0.1000000000000000E+01  512000      50  0.5540847778320312E-03  0.2037048339843750E-02  0.5853176116943359E-03
upwind          21      26  0.1000000000000000E+01  512000      50  0.5741119384765625E-03  0.2034902572631836E-02  0.8263587951660156E-03
upwind          22      26  0.1000000000000000E+01  512000      50  0.5719661712646484E-03  0.2034902572631836E-02  0.7686614990234375E-03
upwind          23      26  0.1000000000000000E+01  512000      50  0.5729198455810547E-03  0.2034902572631836E-02  0.8373260498046875E-03
upwind          24      26  0.1000000000000000E+01  512000      50  0.5700588226318359E-03  0.2036094665527344E-02  0.8292198181152344E-03
upwind          25      26  0.1000000000000000E+01  512000      50  0.5710124969482422E-03  0.2033948898315430E-02  0.8044242858886719E-03
upwind           0      27  0.1000000000000000E+01  512000      50  0.8971691131591797E-03  0.1878976821899414E-02  0.4172325134277344E-03
upwind           1      27  0.1000000000000000E+01  512000      50  0.9121894836425781E-03  0.1880884170532227E-02  0.4949569702148438E-03
upwind           2      27  0.1000000000000000E+01  512000      50  0.9140968322753906E-03  0.1883029937744141E-02  0.5238056182861328E-03
upwind           3      27  0.1000000000000000E+01  512000      50  0.9129047393798828E-03  0.1887083053588867E-02  0.4684925079345703E-03
upwind           4      27  0.1000000000000000E+01  512000      50  0.8971691131591797E-03  0.1888990402221680E-02  0.5278587341308594E-03
upwind           5      27  0.1000000000000000E+01  512000      50  0.8947849273681641E-03  0.1892089843750000E-02  0.4849433898925781E-03
upwind           6      27  0.1000000000000000E+01  512000      50  0.9109973907470703E-03  0.1893997192382812E-02  0.5049705505371094E-03
upwind           7      27  0.1000000000000000E+01  512000      50  0.9040832519531250E-03  0.1895904541015625E-02  0.5087852478027344E-03
upwind           8      27  0.1000000000000000E+01  512000      50  0.9040832519531250E-03  0.1895904541015625E-02  0.4971027374267578E-03
upwind           9      27  0.1000000000000000E+01  512000      50  0.9160041809082031E-03  0.1899957656860352E-02  0.4990100860595703E-03
upwind          10      27  0.1000000000000000E+01  512000      50  0.9160041809082031E-03  0.1900911331176758E-02  0.5171298980712891E-03
upwind          11      27  0.1000000000000000E+01  512000      50  0.9160041809082031E-03  0.1901865005493164E-02  0.5209445953369141E-03
upwind          12      27  0.1000000000000000E+01  512000      50  0.9160041809082031E-03  0.1904010772705078E-02  0.5011558532714844E-03
upwind          13      27  0.1000000000000000E+01  512000      50  0.9160041809082031E-03  0.1905918121337891E-02  0.5121231079101562E-03
upwind          14      27  0.1000000000000000E+01  512000      50  0.9169578552246094E-03  0.1904964447021484E-02  0.4942417144775391E-03
upwind          15      27  0.1000000000000000E+01  512000      50  0.9160041809082031E-03  0.1909017562866211E-02  0.4909038543701172E-03
upwind          16      27  0.1000000000000000E+01  512000      50  0.9961128234863281E-03  0.1909017562866211E-02  0.5137920379638672E-03
upwind          17      27  0.1000000000000000E+01  512000      50  0.9889602661132812E-03  0.1909971237182617E-02  0.5159378051757812E-03
upwind          18      27  0.1000000000000000E+01  512000      50  0.9970664978027344E-03  0.1909017562866211E-02  0.5271434783935547E-03
upwind          19      27  0.1000000000000000E+01  512000      50  0.9961128234863281E-03  0.1910924911499023E-02  0.5156993865966797E-03
upwind          20      27  0.1000000000000000E+01  512000      50  0.9970664978027344E-03  0.1909971237182617E-02  0.5764961242675781E-03
upwind          21      27  0.1000000000000000E+01  512000      50  0.9961128234863281E-03  0.1911878585815430E-02  0.5536079406738281E-03
upwind          22      27  0.1000000000000000E+01  512000      50  0.1003980636596680E-02  0.1910924911499023E-02  0.6613731384277344E-03
upwind          23      27  0.1000000000000000E+01  512000      50  0.1005172729492188E-02  0.1910924911499023E-02  0.6618499755859375E-03
upwind          24      27  0.1000000000000000E+01  512000      50  0.1005172729492188E-02  0.1910924911499023E-02  0.6837844848632812E-03
upwind          25      27  0.1000000000000000E+01  512000      50  0.1005172729492188E-02  0.1910924911499023E-02  0.6840229034423828E-03
upwind          26      27  0.1000000000000000E+01  512000      50  0.1004934310913086E-02  0.1909971237182617E-02  0.6506443023681641E-03
upwind           0      28  0.1000000000000000E+01  512000      50  0.5598068237304688E-03  0.2000093460083008E-02  0.8137226104736328E-03
upwind           1      28  0.1000000000000000E+01  512000      50  0.5760192871093750E-03  0.2002954483032227E-02  0.7359981536865234E-03
upwind           2      28  0.1000000000000000E+01  512000      50  0.5738735198974609E-03  0.2004146575927734E-02  0.7467269897460938E-03
upwind           3      28  0.1000000000000000E+01  512000      50  0.5769729614257812E-03  0.2007007598876953E-02  0.7891654968261719E-03
upwind           4      28  0.1000000000000000E+01  512000      50  0.5779266357421875E-03  0.2008199691772461E-02  0.7915496826171875E-03
upwind           5      28  0.1000000000000000E+01  512000      50  0.5600452423095703E-03  0.2011060714721680E-02  0.7421970367431641E-03
upwind           6      28  0.1000000000000000E+01  512000      50  0.5769729614257812E-03  0.2012014389038086E-02  0.7863044738769531E-03
upwind           7      28  0.1000000000000000E+01  512000      50  0.5829334259033203E-03  0.2015113830566406E-02  0.7674694061279297E-03
upwind           8      28  0.1000000000000000E+01  512000      50  0.5648136138916016E-03  0.2016067504882812E-02  0.7812976837158203E-03
upwind           9      28  0.1000000000000000E+01  512000      50  0.5550384521484375E-03  0.2018928527832031E-02  0.7841587066650391E-03
upwind          10      28  0.1000000000000000E+01  512000      50  0.5650520324707031E-03  0.2021074295043945E-02  0.7760524749755859E-03
upwind          11      28  0.1000000000000000E+01  512000      50  0.5640983581542969E-03  0.2024888992309570E-02  0.8471012115478516E-03
upwind          12      28  0.1000000000000000E+01  512000      50  0.5638599395751953E-03  0.2027988433837891E-02  0.8320808410644531E-03
upwind          13      28  0.1000000000000000E+01  512000      50  0.5569458007812500E-03  0.2029895782470703E-02  0.7717609405517578E-03
upwind          14      28  0.1000000000000000E+01  512000      50  0.5619525909423828E-03  0.2031087875366211E-02  0.8287429809570312E-03
upwind          15      28  0.1000000000000000E+01  512000      50  0.5500316619873047E-03  0.2035140991210938E-02  0.8347034454345703E-03
upwind          16      28  0.1000000000000000E+01  512000      50  0.6430149078369141E-03  0.2034902572631836E-02  0.7603168487548828E-03
upwind          17      28  0.1000000000000000E+01  512000      50  0.6411075592041016E-03  0.2033948898315430E-02  0.7913112640380859E-03
upwind          18      28  0.1000000000000000E+01  512000      50  0.6430149078369141E-03  0.2034902572631836E-02  0.7612705230712891E-03
upwind          19      28  0.1000000000000000E+01  512000      50  0.6420612335205078E-03  0.2035856246948242E-02  0.8418560028076172E-03
upwind          20      28  0.1000000000000000E+01  512000      50  0.6439685821533203E-03  0.2034902572631836E-02  0.7774829864501953E-03
upwind          21      28  0.1000000000000000E+01  512000      50  0.6430149078369141E-03  0.2035856246948242E-02  0.8640289306640625E-03
upwind          22      28  0.1000000000000000E+01  512000      50  0.6580352783203125E-03  0.2034902572631836E-02  0.8921623229980469E-03
upwind          23      28  0.1000000000000000E+01  512000      50  0.6580352783203125E-03  0.2035856246948242E-02  0.9162425994873047E-03
upwind          24      28  0.1000000000000000E+01  512000      50  0.6570816040039062E-03  0.2036809921264648E-02  0.9317398071289062E-03
upwind          25      28  0.1000000000000000E+01  512000      50  0.6470680236816406E-03  0.2038002014160156E-02  0.8788108825683594E-03
upwind          26      28  0.1000000000000000E+01  512000      50  0.6558895111083984E-03  0.2039194107055664E-02  0.9088516235351562E-03
upwind          27      28  0.1000000000000000E+01  512000      50  0.6570816040039062E-03  0.2038002014160156E-02  0.9195804595947266E-03
upwind           0      29  0.1000000000000000E+01  512000      50  0.6189346313476562E-03  0.1799106597900391E-02  0.6496906280517578E-03
upwind           1      29  0.1000000000000000E+01  512000      50  0.6248950958251953E-03  0.1801967620849609E-02  0.6964206695556641E-03
upwind           2      29  0.1000000000000000E+01  512000      50  0.6279945373535156E-03  0.1804113388061523E-02  0.6299018859863281E-03
upwind           3      29  0.1000000000000000E+01  512000      50  0.6239414215087891E-03  0.1806974411010742E-02  0.6208419799804688E-03
upwind           4      29  0.1000000000000000E+01  512000      50  0.6268024444580078E-03  0.1809120178222656E-02  0.6883144378662109E-03
upwind           5      29  0.1000000000000000E+01  512000      50  0.6270408630371094E-03  0.1811981201171875E-02  0.6453990936279297E-03
upwind           6      29  0.1000000000000000E+01  512000      50  0.1097202301025391E-02  0.1342773437500000E-02  0.1242160797119141E-03
upwind           7      29  0.1000000000000000E+01  512000      50  0.6270408630371094E-03  0.1815080642700195E-02  0.6196498870849609E-03
upwind           8      29  0.1000000000000000E+01  512000      50  0.6239414215087891E-03  0.1816034317016602E-02  0.6744861602783203E-03
upwind           9      29  0.1000000000000000E+01  512000      50  0.6270408630371094E-03  0.1819133758544922E-02  0.6399154663085938E-03
upwind          10      29  0.1000000000000000E+01  512000      50  0.6239414215087891E-03  0.1820087432861328E-02  0.6613731384277344E-03
upwind          11      29  0.1000000000000000E+01  512000      50  0.6229877471923828E-03  0.1824140548706055E-02  0.6895065307617188E-03
upwind          12      29  0.1000000000000000E+01  512000      50  0.6330013275146484E-03  0.1826047897338867E-02  0.6549358367919922E-03
upwind          13      29  0.1000000000000000E+01  512000      50  0.6279945373535156E-03  0.1830101013183594E-02  0.6740093231201172E-03
upwind          14      29  0.1000000000000000E+01  512000      50  0.6258487701416016E-03  0.1830101013183594E-02  0.5939006805419922E-03
upwind          15      29  0.1000000000000000E+01  512000      50  0.6330013275146484E-03  0.1831054687500000E-02  0.6115436553955078E-03
upwind          16      29  0.1000000000000000E+01  512000      50  0.6358623504638672E-03  0.1830101013183594E-02  0.6859302520751953E-03
upwind          17      29  0.1000000000000000E+01  512000      50  0.6358623504638672E-03  0.1831054687500000E-02  0.7009506225585938E-03
upwind          18      29  0.1000000000000000E+01  512000      50  0.6358623504638672E-03  0.1831054687500000E-02  0.6666183471679688E-03
upwind          19      29  0.1000000000000000E+01  512000      50  0.6358623504638672E-03  0.1831054687500000E-02  0.7183551788330078E-03
upwind          20      29  0.1000000000000000E+01  512000      50  0.6358623504638672E-03  0.1832008361816406E-02  0.6432533264160156E-03
upwind          21      29  0.1000000000000000E+01  512000      50  0.6299018859863281E-03  0.1832962036132812E-02  0.6141662597656250E-03
upwind          22      29  0.1000000000000000E+01  512000      50  0.6330013275146484E-03  0.1832008361816406E-02  0.6575584411621094E-03
upwind          23      29  0.1000000000000000E+01  512000      50  0.6299018859863281E-03  0.1832008361816406E-02  0.7345676422119141E-03
upwind          24      29  0.1000000000000000E+01  512000      50  0.6339550018310547E-03  0.1832962036132812E-02  0.7266998291015625E-03
upwind          25      29  0.1000000000000000E+01  512000      50  0.6380081176757812E-03  0.1832962036132812E-02  0.7028579711914062E-03
upwind          26      29  0.1000000000000000E+01  512000      50  0.6358623504638672E-03  0.1835107803344727E-02  0.6961822509765625E-03
upwind          27      29  0.1000000000000000E+01  512000      50  0.6361007690429688E-03  0.1836061477661133E-02  0.7591247558593750E-03
upwind          28      29  0.1000000000000000E+01  512000      50  0.6370544433593750E-03  0.1833915710449219E-02  0.7662773132324219E-03
upwind           0      30  0.1000000000000000E+01  512000      50  0.5931854248046875E-03  0.1964807510375977E-02  0.8337497711181641E-03
upwind           1      30  0.1000000000000000E+01  512000      50  0.6058216094970703E-03  0.1968145370483398E-02  0.8327960968017578E-03
upwind           2      30  0.1000000000000000E+01  512000      50  0.6020069122314453E-03  0.1969099044799805E-02  0.8237361907958984E-03
upwind           3      30  0.1000000000000000E+01  512000      50  0.6058216094970703E-03  0.1971006393432617E-02  0.8563995361328125E-03
upwind           4      30  0.1000000000000000E+01  512000      50  0.6058216094970703E-03  0.1973152160644531E-02  0.8239746093750000E-03
upwind           5      30  0.1000000000000000E+01  512000      50  0.6048679351806641E-03  0.1976013183593750E-02  0.8463859558105469E-03
upwind           6      30  0.1000000000000000E+01  512000      50  0.6058216094970703E-03  0.1976966857910156E-02  0.8578300476074219E-03
upwind           7      30  0.1000000000000000E+01  512000      50  0.6048679351806641E-03  0.1978158950805664E-02  0.8001327514648438E-03
upwind           8      30  0.1000000000000000E+01  512000      50  0.6039142608642578E-03  0.1978158950805664E-02  0.8904933929443359E-03
upwind           9      30  0.1000000000000000E+01  512000      50  0.6098747253417969E-03  0.1979112625122070E-02  0.8933544158935547E-03
upwind          10      30  0.1000000000000000E+01  512000      50  0.6058216094970703E-03  0.1979112625122070E-02  0.8699893951416016E-03
upwind          11      30  0.1000000000000000E+01  512000      50  0.6098747253417969E-03  0.1981019973754883E-02  0.8943080902099609E-03
upwind          12      30  0.1000000000000000E+01  512000      50  0.6108283996582031E-03  0.1980066299438477E-02  0.9279251098632812E-03
upwind          13      30  0.1000000000000000E+01  512000      50  0.6029605865478516E-03  0.1981019973754883E-02  0.8685588836669922E-03
upwind          14      30  0.1000000000000000E+01  512000      50  0.6058216094970703E-03  0.1980066299438477E-02  0.8587837219238281E-03
upwind          15      30  0.1000000000000000E+01  512000      50  0.6108283996582031E-03  0.1981973648071289E-02  0.8578300476074219E-03
upwind          16      30  0.1000000000000000E+01  512000      50  0.7381439208984375E-03  0.1981019973754883E-02  0.9224414825439453E-03
upwind          17      30  0.1000000000000000E+01  512000      50  0.7371902465820312E-03  0.1981973648071289E-02  0.9148120880126953E-03
upwind          18      30  0.1000000000000000E+01  512000      50  0.7281303405761719E-03  0.1981019973754883E-02  0.9083747863769531E-03
upwind          19      30  0.1000000000000000E+01  512000      50  0.7309913635253906E-03  0.1982927322387695E-02  0.8819103240966797E-03
upwind          20      30  0.1000000000000000E+01  512000      50  0.7381439208984375E-03  0.1981973648071289E-02  0.9200572967529297E-03
upwind          21      30  0.1000000000000000E+01  512000      50  0.7321834564208984E-03  0.1982927322387695E-02  0.9601116180419922E-03
upwind          22      30  0.1000000000000000E+01  512000      50  0.7381439208984375E-03  0.1982927322387695E-02  0.9396076202392578E-03
upwind          23      30  0.1000000000000000E+01  512000      50  0.7381439208984375E-03  0.1984834671020508E-02  0.8873939514160156E-03
upwind          24      30  0.1000000000000000E+01  512000      50  0.7259845733642578E-03  0.1983880996704102E-02  0.9083747863769531E-03
upwind          25      30  0.1000000000000000E+01  512000      50  0.7281303405761719E-03  0.1984834671020508E-02  0.9109973907470703E-03
upwind          26      30  0.1000000000000000E+01  512000      50  0.7381439208984375E-03  0.1986026763916016E-02  0.9076595306396484E-03
upwind          27      30  0.1000000000000000E+01  512000      50  0.7369518280029297E-03  0.1988172531127930E-02  0.8578300476074219E-03
upwind          28      30  0.1000000000000000E+01  512000      50  0.7338523864746094E-03  0.1988172531127930E-02  0.8409023284912109E-03
upwind          29      30  0.1000000000000000E+01  512000      50  0.7381439208984375E-03  0.1986026763916016E-02  0.8828639984130859E-03
upwind           0      31  0.1000000000000000E+01  512000      50  0.8058547973632812E-03  0.1573085784912109E-02  0.5750656127929688E-03
upwind           1      31  0.1000000000000000E+01  512000      50  0.8218288421630859E-03  0.1577138900756836E-02  0.5221366882324219E-03
upwind           2      31  0.1000000000000000E+01  512000      50  0.8268356323242188E-03  0.1597166061401367E-02  0.5221366882324219E-03
upwind           3      31  0.1000000000000000E+01  512000      50  0.8180141448974609E-03  0.1598119735717773E-02  0.5257129669189453E-03
upwind           4      31  0.1000000000000000E+01  512000      50  0.8277893066406250E-03  0.1598119735717773E-02  0.5624294281005859E-03
upwind           5      31  0.1000000000000000E+01  512000      50  0.8218288421630859E-03  0.1600027084350586E-02  0.5176067352294922E-03
upwind           6      31  0.1000000000000000E+01  512000      50  0.8277893066406250E-03  0.1601219177246094E-02  0.5698204040527344E-03
upwind           7      31  0.1000000000000000E+01  512000      50  0.8168220520019531E-03  0.1604080200195312E-02  0.5202293395996094E-03
upwind           8      31  0.1000000000000000E+01  512000      50  0.8199214935302734E-03  0.1604080200195312E-02  0.5593299865722656E-03
upwind           9      31  0.1000000000000000E+01  512000      50  0.8158683776855469E-03  0.1606941223144531E-02  0.5531311035156250E-03
upwind          10      31  0.1000000000000000E+01  512000      50  0.8261203765869141E-03  0.1607894897460938E-02  0.6217956542968750E-03
upwind          11      31  0.1000000000000000E+01  512000      50  0.8239746093750000E-03  0.1610994338989258E-02  0.5407333374023438E-03
upwind          12      31  0.1000000000000000E+01  512000      50  0.8251667022705078E-03  0.1611948013305664E-02  0.5297660827636719E-03
upwind          13      31  0.1000000000000000E+01  512000      50  0.8239746093750000E-03  0.1615047454833984E-02  0.6110668182373047E-03
upwind          14      31  0.1000000000000000E+01  512000      50  0.8141994476318359E-03  0.1614809036254883E-02  0.5092620849609375E-03
upwind          15      31  0.1000000000000000E+01  512000      50  0.8239746093750000E-03  0.1619100570678711E-02  0.5569458007812500E-03
upwind          16      31  0.1000000000000000E+01  512000      50  0.1006841659545898E-02  0.1619100570678711E-02  0.5674362182617188E-03
upwind          17      31  0.1000000000000000E+01  512000      50  0.1003026962280273E-02  0.1621007919311523E-02  0.5583763122558594E-03
upwind          18      31  0.1000000000000000E+01  512000      50  0.1006841659545898E-02  0.1624107360839844E-02  0.6093978881835938E-03
upwind          19      31  0.1000000000000000E+01  512000      50  0.1005887985229492E-02  0.1626968383789062E-02  0.4782676696777344E-03
upwind          20      31  0.1000000000000000E+01  512000      50  0.1006841659545898E-02  0.1625061035156250E-02  0.5791187286376953E-03
upwind          21      31  0.1000000000000000E+01  512000      50  0.1004934310913086E-02  0.1626968383789062E-02  0.5903244018554688E-03
upwind          22      31  0.1000000000000000E+01  512000      50  0.1003026962280273E-02  0.1626014709472656E-02  0.5662441253662109E-03
upwind          23      31  0.1000000000000000E+01  512000      50  0.1003026962280273E-02  0.1627922058105469E-02  0.5517005920410156E-03
upwind          24      31  0.1000000000000000E+01  512000      50  0.1008987426757812E-02  0.1626014709472656E-02  0.5679130554199219E-03
upwind          25      31  0.1000000000000000E+01  512000      50  0.1004934310913086E-02  0.1626968383789062E-02  0.5805492401123047E-03
upwind          26      31  0.1000000000000000E+01  512000      50  0.1004934310913086E-02  0.1626968383789062E-02  0.5116462707519531E-03
upwind          27      31  0.1000000000000000E+01  512000      50  0.1010894775390625E-02  0.1627922058105469E-02  0.5474090576171875E-03
upwind          28      31  0.1000000000000000E+01  512000      50  0.1009941101074219E-02  0.1626968383789062E-02  0.5767345428466797E-03
upwind          29      31  0.1000000000000000E+01  512000      50  0.1010894775390625E-02  0.1627922058105469E-02  0.6172657012939453E-03
upwind          30      31  0.1000000000000000E+01  512000      50  0.1010894775390625E-02  0.1629114151000977E-02  0.6129741668701172E-03
upwind           0      32  0.1000000000000000E+01  512000      50  0.9231567382812500E-03  0.1629829406738281E-02  0.6031990051269531E-03
upwind           1      32  0.1000000000000000E+01  512000      50  0.9260177612304688E-03  0.1631975173950195E-02  0.6492137908935547E-03
upwind           2      32  0.1000000000000000E+01  512000      50  0.9109973907470703E-03  0.1631975173950195E-02  0.5812644958496094E-03
upwind           3      32  0.1000000000000000E+01  512000      50  0.9191036224365234E-03  0.1636028289794922E-02  0.5695819854736328E-03
upwind           4      32  0.1000000000000000E+01  512000      50  0.9400844573974609E-03  0.1636028289794922E-02  0.6315708160400391E-03
upwind           5      32  0.1000000000000000E+01  512000      50  0.9109973907470703E-03  0.1640081405639648E-02  0.6504058837890625E-03
upwind           6      32  0.1000000000000000E+01  512000      50  0.9069442749023438E-03  0.1638889312744141E-02  0.6148815155029297E-03
upwind           7      32  0.1000000000000000E+01  512000      50  0.9357929229736328E-03  0.1643180847167969E-02  0.5967617034912109E-03
upwind           8      32  0.1000000000000000E+01  512000      50  0.9031295776367188E-03  0.1641035079956055E-02  0.6332397460937500E-03
upwind           9      32  0.1000000000000000E+01  512000      50  0.9300708770751953E-03  0.1644849777221680E-02  0.6790161132812500E-03
upwind          10      32  0.1000000000000000E+01  512000      50  0.9400844573974609E-03  0.1644134521484375E-02  0.6015300750732422E-03
upwind          11      32  0.1000000000000000E+01  512000      50  0.9140968322753906E-03  0.1647949218750000E-02  0.6146430969238281E-03
upwind          12      32  0.1000000000000000E+01  512000      50  0.9169578552246094E-03  0.1648902893066406E-02  0.6422996520996094E-03
upwind          13      32  0.1000000000000000E+01  512000      50  0.9391307830810547E-03  0.1649856567382812E-02  0.6129741668701172E-03
upwind          14      32  0.1000000000000000E+01  512000      50  0.9300708770751953E-03  0.1650094985961914E-02  0.6415843963623047E-03
upwind          15      32  0.1000000000000000E+01  512000      50  0.9381771087646484E-03  0.1652956008911133E-02  0.6124973297119141E-03
upwind          16      32  0.1000000000000000E+01  512000      50  0.1111030578613281E-02  0.1652956008911133E-02  0.6616115570068359E-03
upwind          17      32  0.1000000000000000E+01  512000      50  0.1095056533813477E-02  0.1654863357543945E-02  0.5896091461181641E-03
upwind          18      32  0.1000000000000000E+01  512000      50  0.1103878021240234E-02  0.1653909683227539E-02  0.6749629974365234E-03
upwind          19      32  0.1000000000000000E+01  512000      50  0.1111030578613281E-02  0.1657962799072266E-02  0.6644725799560547E-03
upwind          20      32  0.1000000000000000E+01  512000      50  0.1106023788452148E-02  0.1658916473388672E-02  0.6706714630126953E-03
upwind          21      32  0.1000000000000000E+01  512000      50  0.1100063323974609E-02  0.1663923263549805E-02  0.6453990936279297E-03
upwind          22      32  0.1000000000000000E+01  512000      50  0.1111984252929688E-02  0.1663923263549805E-02  0.6411075592041016E-03
upwind          23      32  0.1000000000000000E+01  512000      50  0.1108169555664062E-02  0.1667976379394531E-02  0.6642341613769531E-03
upwind          24      32  0.1000000000000000E+01  512000      50  0.1116037368774414E-02  0.1667976379394531E-02  0.6022453308105469E-03
upwind          25      32  0.1000000000000000E+01  512000      50  0.1101970672607422E-02  0.1667976379394531E-02  0.6542205810546875E-03
upwind          26      32  0.1000000000000000E+01  512000      50  0.1097917556762695E-02  0.1667022705078125E-02  0.6129741668701172E-03
upwind          27      32  0.1000000000000000E+01  512000      50  0.1091957092285156E-02  0.1668930053710938E-02  0.6804466247558594E-03
upwind          28      32  0.1000000000000000E+01  512000      50  0.1116037368774414E-02  0.1667976379394531E-02  0.6537437438964844E-03
upwind          29      32  0.1000000000000000E+01  512000      50  0.1111030578613281E-02  0.1668930053710938E-02  0.6344318389892578E-03
upwind          30      32  0.1000000000000000E+01  512000      50  0.1116037368774414E-02  0.1668930053710938E-02  0.6730556488037109E-03
upwind          31      32  0.1000000000000000E+01  512000      50  0.1116037368774414E-02  0.1668930053710938E-02  0.6570816040039062E-03
