macco            0       3  0.1000000000000000E+01   96000      50  0.4289150238037109E-03  0.5211114883422852E-02  0.1362085342407227E-02
macco            1       3  0.1000000000000000E+01   96000      50  0.4630088806152344E-03  0.5213975906372070E-02  0.1345634460449219E-02
macco            2       3  0.1000000000000000E+01   96000      50  0.4889965057373047E-03  0.5211114883422852E-02  0.1548051834106445E-02
macco            0       4  0.1000000000000000E+01  128000      50  0.5469322204589844E-03  0.5961894989013672E-02  0.1789808273315430E-02
macco            1       4  0.1000000000000000E+01  128000      50  0.5810260772705078E-03  0.5965948104858398E-02  0.1881599426269531E-02
macco            2       4  0.1000000000000000E+01  128000      50  0.5791187286376953E-03  0.5977869033813477E-02  0.1687049865722656E-02
macco            3       4  0.1000000000000000E+01  128000      50  0.5791187286376953E-03  0.5980968475341797E-02  0.1661539077758789E-02
macco            0       5  0.1000000000000000E+01  160000      50  0.5140304565429688E-03  0.5734920501708984E-02  0.1827001571655273E-02
macco            1       5  0.1000000000000000E+01  160000      50  0.5340576171875000E-03  0.5740880966186523E-02  0.1843214035034180E-02
macco            2       5  0.1000000000000000E+01  160000      50  0.5109310150146484E-03  0.5743980407714844E-02  0.1845836639404297E-02
macco            3       5  0.1000000000000000E+01  160000      50  0.5400180816650391E-03  0.5745887756347656E-02  0.1683712005615234E-02
macco            4       5  0.1000000000000000E+01  160000      50  0.5400180816650391E-03  0.5747079849243164E-02  0.1594543457031250E-02
macco            0       6  0.1000000000000000E+01  192000      50  0.5390644073486328E-03  0.5575895309448242E-02  0.1495599746704102E-02
macco            1       6  0.1000000000000000E+01  192000      50  0.5619525909423828E-03  0.5578994750976562E-02  0.1503705978393555E-02
macco            2       6  0.1000000000000000E+01  192000      50  0.5640983581542969E-03  0.5579948425292969E-02  0.1374244689941406E-02
macco            3       6  0.1000000000000000E+01  192000      50  0.5590915679931641E-03  0.5581855773925781E-02  0.1376628875732422E-02
macco            4       6  0.1000000000000000E+01  192000      50  0.5669593811035156E-03  0.5572080612182617E-02  0.1930236816406250E-02
macco            5       6  0.1000000000000000E+01  192000      50  0.5669593811035156E-03  0.5571126937866211E-02  0.1942396163940430E-02
macco            0       7  0.1000000000000000E+01  224000      50  0.5009174346923828E-03  0.5537033081054688E-02  0.1563787460327148E-02
macco            1       7  0.1000000000000000E+01  224000      50  0.5137920379638672E-03  0.5544185638427734E-02  0.1550436019897461E-02
macco            2       7  0.1000000000000000E+01  224000      50  0.5228519439697266E-03  0.5548000335693359E-02  0.1550912857055664E-02
macco            3       7  0.1000000000000000E+01  224000      50  0.5190372467041016E-03  0.5550146102905273E-02  0.1533269882202148E-02
macco            4       7  0.1000000000000000E+01  224000      50  0.5211830139160156E-03  0.5545854568481445E-02  0.1609802246093750E-02
macco            5       7  0.1000000000000000E+01  224000      50  0.5137920379638672E-03  0.5552053451538086E-02  0.1609563827514648E-02
macco            6       7  0.1000000000000000E+01  224000      50  0.5240440368652344E-03  0.5553960800170898E-02  0.1605272293090820E-02
macco            0       8  0.1000000000000000E+01  256000      50  0.5941390991210938E-03  0.5947828292846680E-02  0.1641511917114258E-02
macco            1       8  0.1000000000000000E+01  256000      50  0.6079673767089844E-03  0.5949020385742188E-02  0.1600265502929688E-02
macco            2       8  0.1000000000000000E+01  256000      50  0.6070137023925781E-03  0.5951881408691406E-02  0.1577615737915039E-02
macco            3       8  0.1000000000000000E+01  256000      50  0.6101131439208984E-03  0.5953073501586914E-02  0.1596927642822266E-02
macco            4       8  0.1000000000000000E+01  256000      50  0.6070137023925781E-03  0.5954980850219727E-02  0.1822233200073242E-02
macco            5       8  0.1000000000000000E+01  256000      50  0.6051063537597656E-03  0.5954980850219727E-02  0.1896858215332031E-02
macco            6       8  0.1000000000000000E+01  256000      50  0.6189346313476562E-03  0.5951881408691406E-02  0.2024888992309570E-02
macco            7       8  0.1000000000000000E+01  256000      50  0.6089210510253906E-03  0.5951881408691406E-02  0.2006530761718750E-02
macco            0       9  0.1000000000000000E+01  288000      50  0.5741119384765625E-03  0.5661010742187500E-02  0.1447439193725586E-02
macco            1       9  0.1000000000000000E+01  288000      50  0.5829334259033203E-03  0.5658149719238281E-02  0.1561403274536133E-02
macco            2       9  0.1000000000000000E+01  288000      50  0.5879402160644531E-03  0.5661010742187500E-02  0.1541852951049805E-02
macco            3       9  0.1000000000000000E+01  288000      50  0.5879402160644531E-03  0.5661964416503906E-02  0.1542091369628906E-02
macco            4       9  0.1000000000000000E+01  288000      50  0.5869865417480469E-03  0.5664110183715820E-02  0.1552820205688477E-02
macco            5       9  0.1000000000000000E+01  288000      50  0.5979537963867188E-03  0.5650043487548828E-02  0.1760959625244141E-02
macco            6       9  0.1000000000000000E+01  288000      50  0.5979537963867188E-03  0.5658149719238281E-02  0.1651525497436523E-02
macco            7       9  0.1000000000000000E+01  288000      50  0.5919933319091797E-03  0.5655050277709961E-02  0.1776456832885742E-02
macco            8       9  0.1000000000000000E+01  288000      50  0.5919933319091797E-03  0.5657196044921875E-02  0.1664161682128906E-02
macco            0      10  0.1000000000000000E+01  320000      50  0.6170272827148438E-03  0.5717992782592773E-02  0.1439809799194336E-02
macco            1      10  0.1000000000000000E+01  320000      50  0.6349086761474609E-03  0.5726099014282227E-02  0.1427173614501953E-02
macco            2      10  0.1000000000000000E+01  320000      50  0.6380081176757812E-03  0.5723953247070312E-02  0.1350879669189453E-02
macco            3      10  0.1000000000000000E+01  320000      50  0.6370544433593750E-03  0.5721807479858398E-02  0.1535177230834961E-02
macco            4      10  0.1000000000000000E+01  320000      50  0.6399154663085938E-03  0.5722045898437500E-02  0.1541614532470703E-02
macco            5      10  0.1000000000000000E+01  320000      50  0.6389617919921875E-03  0.5721092224121094E-02  0.1713275909423828E-02
macco            6      10  0.1000000000000000E+01  320000      50  0.6370544433593750E-03  0.5726099014282227E-02  0.1736164093017578E-02
macco            7      10  0.1000000000000000E+01  320000      50  0.6380081176757812E-03  0.5722045898437500E-02  0.1715898513793945E-02
macco            8      10  0.1000000000000000E+01  320000      50  0.6380081176757812E-03  0.5726099014282227E-02  0.1702070236206055E-02
macco            9      10  0.1000000000000000E+01  320000      50  0.6380081176757812E-03  0.5724191665649414E-02  0.1757144927978516E-02
macco            0      11  0.1000000000000000E+01  352000      50  0.6020069122314453E-03  0.5808115005493164E-02  0.1564979553222656E-02
macco            1      11  0.1000000000000000E+01  352000      50  0.6198883056640625E-03  0.5815029144287109E-02  0.1541376113891602E-02
macco            2      11  0.1000000000000000E+01  352000      50  0.6229877471923828E-03  0.5811929702758789E-02  0.1548290252685547E-02
macco            3      11  0.1000000000000000E+01  352000      50  0.6198883056640625E-03  0.5816936492919922E-02  0.1554965972900391E-02
macco            4      11  0.1000000000000000E+01  352000      50  0.6220340728759766E-03  0.5817890167236328E-02  0.1575708389282227E-02
macco            5      11  0.1000000000000000E+01  352000      50  0.6220340728759766E-03  0.5819082260131836E-02  0.1563549041748047E-02
macco            6      11  0.1000000000000000E+01  352000      50  0.6251335144042969E-03  0.5811929702758789E-02  0.1838445663452148E-02
macco            7      11  0.1000000000000000E+01  352000      50  0.6229877471923828E-03  0.5811929702758789E-02  0.1832723617553711E-02
macco            8      11  0.1000000000000000E+01  352000      50  0.6270408630371094E-03  0.5815029144287109E-02  0.1829385757446289E-02
macco            9      11  0.1000000000000000E+01  352000      50  0.6260871887207031E-03  0.5815982818603516E-02  0.1819372177124023E-02
macco           10      11  0.1000000000000000E+01  352000      50  0.6279945373535156E-03  0.5815982818603516E-02  0.1839637756347656E-02
macco            0      12  0.1000000000000000E+01  384000      50  0.6699562072753906E-03  0.5692958831787109E-02  0.1418113708496094E-02
macco            1      12  0.1000000000000000E+01  384000      50  0.6759166717529297E-03  0.5698919296264648E-02  0.1414299011230469E-02
macco            2      12  0.1000000000000000E+01  384000      50  0.6818771362304688E-03  0.5702018737792969E-02  0.1415491104125977E-02
macco            3      12  0.1000000000000000E+01  384000      50  0.6830692291259766E-03  0.5705118179321289E-02  0.1400709152221680E-02
macco            4      12  0.1000000000000000E+01  384000      50  0.6749629974365234E-03  0.5707025527954102E-02  0.1328945159912109E-02
macco            5      12  0.1000000000000000E+01  384000      50  0.6771087646484375E-03  0.5707025527954102E-02  0.1514673233032227E-02
macco            6      12  0.1000000000000000E+01  384000      50  0.6790161132812500E-03  0.5704164505004883E-02  0.1550436019897461E-02
macco            7      12  0.1000000000000000E+01  384000      50  0.6768703460693359E-03  0.5701065063476562E-02  0.1574754714965820E-02
macco            8      12  0.1000000000000000E+01  384000      50  0.6790161132812500E-03  0.5708932876586914E-02  0.1565933227539062E-02
macco            9      12  0.1000000000000000E+01  384000      50  0.6768703460693359E-03  0.5710124969482422E-02  0.1564741134643555E-02
macco           10      12  0.1000000000000000E+01  384000      50  0.6790161132812500E-03  0.5712032318115234E-02  0.1595020294189453E-02
macco           11      12  0.1000000000000000E+01  384000      50  0.6849765777587891E-03  0.5712032318115234E-02  0.1472711563110352E-02
macco            0      13  0.1000000000000000E+01  416000      50  0.6411075592041016E-03  0.5969047546386719E-02  0.1673698425292969E-02
macco            1      13  0.1000000000000000E+01  416000      50  0.6511211395263672E-03  0.5974054336547852E-02  0.1634597778320312E-02
macco            2      13  0.1000000000000000E+01  416000      50  0.6511211395263672E-03  0.5976915359497070E-02  0.1632928848266602E-02
macco            3      13  0.1000000000000000E+01  416000      50  0.6511211395263672E-03  0.5981922149658203E-02  0.1670360565185547E-02
macco            4      13  0.1000000000000000E+01  416000      50  0.6580352783203125E-03  0.5985021591186523E-02  0.1693487167358398E-02
macco            5      13  0.1000000000000000E+01  416000      50  0.6589889526367188E-03  0.5981922149658203E-02  0.1680850982666016E-02
macco            6      13  0.1000000000000000E+01  416000      50  0.6489753723144531E-03  0.5987167358398438E-02  0.1573801040649414E-02
macco            7      13  0.1000000000000000E+01  416000      50  0.6499290466308594E-03  0.5988121032714844E-02  0.1677989959716797E-02
macco            8      13  0.1000000000000000E+01  416000      50  0.6608963012695312E-03  0.5976915359497070E-02  0.1775264739990234E-02
macco            9      13  0.1000000000000000E+01  416000      50  0.6589889526367188E-03  0.5982875823974609E-02  0.1754999160766602E-02
macco           10      13  0.1000000000000000E+01  416000      50  0.6530284881591797E-03  0.5981922149658203E-02  0.1755952835083008E-02
macco           11      13  0.1000000000000000E+01  416000      50  0.6599426269531250E-03  0.5985975265502930E-02  0.1665353775024414E-02
macco           12      13  0.1000000000000000E+01  416000      50  0.6499290466308594E-03  0.5990982055664062E-02  0.1682519912719727E-02
macco            0      14  0.1000000000000000E+01  448000      50  0.6301403045654297E-03  0.5928993225097656E-02  0.1577854156494141E-02
macco            1      14  0.1000000000000000E+01  448000      50  0.6499290466308594E-03  0.5939960479736328E-02  0.1574277877807617E-02
macco            2      14  0.1000000000000000E+01  448000      50  0.6980895996093750E-03  0.5897998809814453E-02  0.1504898071289062E-02
macco            3      14  0.1000000000000000E+01  448000      50  0.6909370422363281E-03  0.5902051925659180E-02  0.1512527465820312E-02
macco            4      14  0.1000000000000000E+01  448000      50  0.6551742553710938E-03  0.5941867828369141E-02  0.1559972763061523E-02
macco            5      14  0.1000000000000000E+01  448000      50  0.6229877471923828E-03  0.5951166152954102E-02  0.1568794250488281E-02
macco            6      14  0.1000000000000000E+01  448000      50  0.6980895996093750E-03  0.5903959274291992E-02  0.1504182815551758E-02
macco            7      14  0.1000000000000000E+01  448000      50  0.6909370422363281E-03  0.5896091461181641E-02  0.1637697219848633E-02
macco            8      14  0.1000000000000000E+01  448000      50  0.6561279296875000E-03  0.5939006805419922E-02  0.1660823822021484E-02
macco            9      14  0.1000000000000000E+01  448000      50  0.6539821624755859E-03  0.5946159362792969E-02  0.1655340194702148E-02
macco           10      14  0.1000000000000000E+01  448000      50  0.6921291351318359E-03  0.5906820297241211E-02  0.1636028289794922E-02
macco           11      14  0.1000000000000000E+01  448000      50  0.6899833679199219E-03  0.5910158157348633E-02  0.1650571823120117E-02
macco           12      14  0.1000000000000000E+01  448000      50  0.6170272827148438E-03  0.5959033966064453E-02  0.1590013504028320E-02
macco           13      14  0.1000000000000000E+01  448000      50  0.6690025329589844E-03  0.5913019180297852E-02  0.1624822616577148E-02
macco            0      15  0.1000000000000000E+01  480000      50  0.6399154663085938E-03  0.6306886672973633E-02  0.1719236373901367E-02
macco            1      15  0.1000000000000000E+01  480000      50  0.6690025329589844E-03  0.6302833557128906E-02  0.1834869384765625E-02
macco            2      15  0.1000000000000000E+01  480000      50  0.6709098815917969E-03  0.6313085556030273E-02  0.1824855804443359E-02
macco            3      15  0.1000000000000000E+01  480000      50  0.6589889526367188E-03  0.6316900253295898E-02  0.1714944839477539E-02
macco            4      15  0.1000000000000000E+01  480000      50  0.6599426269531250E-03  0.6314992904663086E-02  0.1811504364013672E-02
macco            5      15  0.1000000000000000E+01  480000      50  0.6549358367919922E-03  0.6319046020507812E-02  0.1702785491943359E-02
macco            6      15  0.1000000000000000E+01  480000      50  0.6680488586425781E-03  0.6319046020507812E-02  0.1704216003417969E-02
macco            7      15  0.1000000000000000E+01  480000      50  0.6699562072753906E-03  0.6317853927612305E-02  0.1802682876586914E-02
macco            8      15  0.1000000000000000E+01  480000      50  0.6558895111083984E-03  0.6315946578979492E-02  0.1830816268920898E-02
macco            9      15  0.1000000000000000E+01  480000      50  0.6589889526367188E-03  0.6306886672973633E-02  0.1947164535522461E-02
macco           10      15  0.1000000000000000E+01  480000      50  0.6759166717529297E-03  0.6303071975708008E-02  0.1926183700561523E-02
macco           11      15  0.1000000000000000E+01  480000      50  0.6759166717529297E-03  0.6309986114501953E-02  0.1930713653564453E-02
macco           12      15  0.1000000000000000E+01  480000      50  0.6721019744873047E-03  0.6313085556030273E-02  0.1963138580322266E-02
macco           13      15  0.1000000000000000E+01  480000      50  0.6690025329589844E-03  0.6314039230346680E-02  0.1949310302734375E-02
macco           14      15  0.1000000000000000E+01  480000      50  0.6680488586425781E-03  0.6315946578979492E-02  0.1931905746459961E-02
macco            0      16  0.1000000000000000E+01  512000      50  0.8349418640136719E-03  0.6141185760498047E-02  0.1554727554321289E-02
macco            1      16  0.1000000000000000E+01  512000      50  0.8578300476074219E-03  0.6139039993286133E-02  0.1569986343383789E-02
macco            2      16  0.1000000000000000E+01  512000      50  0.8480548858642578E-03  0.6145000457763672E-02  0.1698017120361328E-02
macco            3      16  0.1000000000000000E+01  512000      50  0.8499622344970703E-03  0.6150007247924805E-02  0.1658439636230469E-02
macco            4      16  0.1000000000000000E+01  512000      50  0.8499622344970703E-03  0.6155014038085938E-02  0.1582384109497070E-02
macco            5      16  0.1000000000000000E+01  512000      50  0.8587837219238281E-03  0.6155014038085938E-02  0.1674890518188477E-02
macco            6      16  0.1000000000000000E+01  512000      50  0.8599758148193359E-03  0.6159067153930664E-02  0.1664638519287109E-02
macco            7      16  0.1000000000000000E+01  512000      50  0.8528232574462891E-03  0.6159067153930664E-02  0.1688480377197266E-02
macco            8      16  0.1000000000000000E+01  512000      50  0.8468627929687500E-03  0.6148099899291992E-02  0.1694917678833008E-02
macco            9      16  0.1000000000000000E+01  512000      50  0.8609294891357422E-03  0.6154060363769531E-02  0.1700639724731445E-02
macco           10      16  0.1000000000000000E+01  512000      50  0.8540153503417969E-03  0.6159067153930664E-02  0.1700639724731445E-02
macco           11      16  0.1000000000000000E+01  512000      50  0.8537769317626953E-03  0.6167173385620117E-02  0.1712322235107422E-02
macco           12      16  0.1000000000000000E+01  512000      50  0.8509159088134766E-03  0.6169080734252930E-02  0.1738309860229492E-02
macco           13      16  0.1000000000000000E+01  512000      50  0.8468627929687500E-03  0.6173133850097656E-02  0.1727581024169922E-02
macco           14      16  0.1000000000000000E+01  512000      50  0.8590221405029297E-03  0.6175994873046875E-02  0.1702785491943359E-02
macco           15      16  0.1000000000000000E+01  512000      50  0.8618831634521484E-03  0.6176233291625977E-02  0.1494646072387695E-02
macco            0      17  0.1000000000000000E+01  544000      50  0.8349418640136719E-03  0.7075071334838867E-02  0.2369642257690430E-02
macco            1      17  0.1000000000000000E+01  544000      50  0.8568763732910156E-03  0.7081985473632812E-02  0.2619504928588867E-02
macco            2      17  0.1000000000000000E+01  544000      50  0.8480548858642578E-03  0.7090091705322266E-02  0.2527475357055664E-02
macco            3      17  0.1000000000000000E+01  544000      50  0.8471012115478516E-03  0.7100105285644531E-02  0.2530097961425781E-02
macco            4      17  0.1000000000000000E+01  544000      50  0.8490085601806641E-03  0.7107973098754883E-02  0.2658843994140625E-02
macco            5      17  0.1000000000000000E+01  544000      50  0.8559226989746094E-03  0.7122039794921875E-02  0.2718925476074219E-02
macco            6      17  0.1000000000000000E+01  544000      50  0.8480548858642578E-03  0.7132053375244141E-02  0.2660036087036133E-02
macco            7      17  0.1000000000000000E+01  544000      50  0.8568763732910156E-03  0.7141113281250000E-02  0.2646684646606445E-02
macco            8      17  0.1000000000000000E+01  544000      50  0.8599758148193359E-03  0.7145881652832031E-02  0.2688407897949219E-02
macco            9      17  0.1000000000000000E+01  544000      50  0.8509159088134766E-03  0.7158041000366211E-02  0.2714872360229492E-02
macco           10      17  0.1000000000000000E+01  544000      50  0.8609294891357422E-03  0.7169008255004883E-02  0.2703428268432617E-02
macco           11      17  0.1000000000000000E+01  544000      50  0.8680820465087891E-03  0.7156848907470703E-02  0.2714157104492188E-02
macco           12      17  0.1000000000000000E+01  544000      50  0.8540153503417969E-03  0.7186174392700195E-02  0.2736806869506836E-02
macco           13      17  0.1000000000000000E+01  544000      50  0.8680820465087891E-03  0.7194995880126953E-02  0.2757549285888672E-02
macco           14      17  0.1000000000000000E+01  544000      50  0.8680820465087891E-03  0.7204055786132812E-02  0.2747774124145508E-02
macco           15      17  0.1000000000000000E+01  544000      50  0.8599758148193359E-03  0.7214069366455078E-02  0.2797126770019531E-02
macco           16      17  0.1000000000000000E+01  544000      50  0.1132011413574219E-02  0.7216930389404297E-02  0.1833200454711914E-02
macco            0      18  0.1000000000000000E+01  576000      50  0.8840560913085938E-03  0.6512880325317383E-02  0.1914024353027344E-02
macco            1      18  0.1000000000000000E+01  576000      50  0.9069442749023438E-03  0.6520032882690430E-02  0.1810312271118164E-02
macco            2      18  0.1000000000000000E+01  576000      50  0.8969306945800781E-03  0.6521940231323242E-02  0.2051830291748047E-02
macco            3      18  0.1000000000000000E+01  576000      50  0.9081363677978516E-03  0.6528854370117188E-02  0.1963376998901367E-02
macco            4      18  0.1000000000000000E+01  576000      50  0.9059906005859375E-03  0.6536960601806641E-02  0.2035856246948242E-02
macco            5      18  0.1000000000000000E+01  576000      50  0.9169578552246094E-03  0.6540060043334961E-02  0.1976013183593750E-02
macco            6      18  0.1000000000000000E+01  576000      50  0.9169578552246094E-03  0.6542921066284180E-02  0.2079010009765625E-02
macco            7      18  0.1000000000000000E+01  576000      50  0.9050369262695312E-03  0.6547927856445312E-02  0.2095460891723633E-02
macco            8      18  0.1000000000000000E+01  576000      50  0.9160041809082031E-03  0.6551027297973633E-02  0.2081871032714844E-02
macco            9      18  0.1000000000000000E+01  576000      50  0.9160041809082031E-03  0.6558179855346680E-02  0.1970052719116211E-02
macco           10      18  0.1000000000000000E+01  576000      50  0.9059906005859375E-03  0.6568908691406250E-02  0.2107620239257812E-02
macco           11      18  0.1000000000000000E+01  576000      50  0.8959770202636719E-03  0.6573915481567383E-02  0.2110958099365234E-02
macco           12      18  0.1000000000000000E+01  576000      50  0.9140968322753906E-03  0.6581068038940430E-02  0.2036571502685547E-02
macco           13      18  0.1000000000000000E+01  576000      50  0.9028911590576172E-03  0.6585121154785156E-02  0.2145528793334961E-02
macco           14      18  0.1000000000000000E+01  576000      50  0.9140968322753906E-03  0.6607055664062500E-02  0.2037525177001953E-02
macco           15      18  0.1000000000000000E+01  576000      50  0.9150505065917969E-03  0.6603956222534180E-02  0.2163171768188477E-02
macco           16      18  0.1000000000000000E+01  576000      50  0.1141071319580078E-02  0.6596088409423828E-02  0.2997875213623047E-02
macco           17      18  0.1000000000000000E+01  576000      50  0.1158952713012695E-02  0.6612062454223633E-02  0.1700639724731445E-02
macco            0      19  0.1000000000000000E+01  608000      50  0.7469654083251953E-03  0.6057977676391602E-02  0.1592159271240234E-02
macco            1      19  0.1000000000000000E+01  608000      50  0.7610321044921875E-03  0.6064891815185547E-02  0.1573085784912109E-02
macco            2      19  0.1000000000000000E+01  608000      50  0.7638931274414062E-03  0.6067037582397461E-02  0.1584768295288086E-02
macco            3      19  0.1000000000000000E+01  608000      50  0.7638931274414062E-03  0.6074905395507812E-02  0.1575946807861328E-02
macco            4      19  0.1000000000000000E+01  608000      50  0.7679462432861328E-03  0.6076097488403320E-02  0.1622915267944336E-02
macco            5      19  0.1000000000000000E+01  608000      50  0.7519721984863281E-03  0.6079912185668945E-02  0.1375913619995117E-02
macco            6      19  0.1000000000000000E+01  608000      50  0.7600784301757812E-03  0.6078958511352539E-02  0.1595497131347656E-02
macco            7      19  0.1000000000000000E+01  608000      50  0.7669925689697266E-03  0.6079912185668945E-02  0.1610279083251953E-02
macco            8      19  0.1000000000000000E+01  608000      50  0.7619857788085938E-03  0.6059169769287109E-02  0.1598596572875977E-02
macco            9      19  0.1000000000000000E+01  608000      50  0.7669925689697266E-03  0.6062030792236328E-02  0.1566886901855469E-02
macco           10      19  0.1000000000000000E+01  608000      50  0.7688999176025391E-03  0.6065130233764648E-02  0.1498460769653320E-02
macco           11      19  0.1000000000000000E+01  608000      50  0.7619857788085938E-03  0.6079912185668945E-02  0.1572608947753906E-02
macco           12      19  0.1000000000000000E+01  608000      50  0.7610321044921875E-03  0.6090164184570312E-02  0.1552104949951172E-02
macco           13      19  0.1000000000000000E+01  608000      50  0.7679462432861328E-03  0.6087064743041992E-02  0.1632928848266602E-02
macco           14      19  0.1000000000000000E+01  608000      50  0.7610321044921875E-03  0.6093025207519531E-02  0.1634120941162109E-02
macco           15      19  0.1000000000000000E+01  608000      50  0.7679462432861328E-03  0.6093025207519531E-02  0.1631498336791992E-02
macco           16      19  0.1000000000000000E+01  608000      50  0.9880065917968750E-03  0.6098031997680664E-02  0.2341270446777344E-02
macco           17      19  0.1000000000000000E+01  608000      50  0.9880065917968750E-03  0.6100893020629883E-02  0.2249002456665039E-02
macco           18      19  0.1000000000000000E+01  608000      50  0.9820461273193359E-03  0.6088972091674805E-02  0.1837491989135742E-02
macco            0      20  0.1000000000000000E+01  640000      50  0.7610321044921875E-03  0.6828069686889648E-02  0.2360105514526367E-02
macco            1      20  0.1000000000000000E+01  640000      50  0.7779598236083984E-03  0.6826877593994141E-02  0.2370357513427734E-02
macco            2      20  0.1000000000000000E+01  640000      50  0.7798671722412109E-03  0.6843090057373047E-02  0.2260684967041016E-02
macco            3      20  0.1000000000000000E+01  640000      50  0.7691383361816406E-03  0.6841897964477539E-02  0.2386569976806641E-02
macco            4      20  0.1000000000000000E+01  640000      50  0.7641315460205078E-03  0.6850004196166992E-02  0.2322435379028320E-02
macco            5      20  0.1000000000000000E+01  640000      50  0.7650852203369141E-03  0.6853818893432617E-02  0.2429485321044922E-02
macco            6      20  0.1000000000000000E+01  640000      50  0.7679462432861328E-03  0.6854057312011719E-02  0.2379655838012695E-02
macco            7      20  0.1000000000000000E+01  640000      50  0.7808208465576172E-03  0.6857156753540039E-02  0.2391815185546875E-02
macco            8      20  0.1000000000000000E+01  640000      50  0.7579326629638672E-03  0.6856918334960938E-02  0.2396106719970703E-02
macco            9      20  0.1000000000000000E+01  640000      50  0.7679462432861328E-03  0.6861925125122070E-02  0.2381563186645508E-02
macco           10      20  0.1000000000000000E+01  640000      50  0.7579326629638672E-03  0.6871938705444336E-02  0.2399206161499023E-02
macco           11      20  0.1000000000000000E+01  640000      50  0.7758140563964844E-03  0.6874084472656250E-02  0.2393007278442383E-02
macco           12      20  0.1000000000000000E+01  640000      50  0.7779598236083984E-03  0.6884813308715820E-02  0.2471446990966797E-02
macco           13      20  0.1000000000000000E+01  640000      50  0.7789134979248047E-03  0.6888866424560547E-02  0.2451896667480469E-02
macco           14      20  0.1000000000000000E+01  640000      50  0.7779598236083984E-03  0.6891012191772461E-02  0.2439260482788086E-02
macco           15      20  0.1000000000000000E+01  640000      50  0.7710456848144531E-03  0.6891012191772461E-02  0.2411603927612305E-02
macco           16      20  0.1000000000000000E+01  640000      50  0.6499290466308594E-03  0.6889104843139648E-02  0.2165555953979492E-02
macco           17      20  0.1000000000000000E+01  640000      50  0.6508827209472656E-03  0.6889104843139648E-02  0.2177476882934570E-02
macco           18      20  0.1000000000000000E+01  640000      50  0.6480216979980469E-03  0.6889104843139648E-02  0.2021789550781250E-02
macco           19      20  0.1000000000000000E+01  640000      50  0.6320476531982422E-03  0.6882905960083008E-02  0.2063035964965820E-02
macco            0      21  0.1000000000000000E+01  672000      50  0.6768703460693359E-03  0.6320953369140625E-02  0.1850843429565430E-02
macco            1      21  0.1000000000000000E+01  672000      50  0.6930828094482422E-03  0.6333112716674805E-02  0.1874923706054688E-02
macco            2      21  0.1000000000000000E+01  672000      50  0.6949901580810547E-03  0.6338119506835938E-02  0.1721858978271484E-02
macco            3      21  0.1000000000000000E+01  672000      50  0.7050037384033203E-03  0.6345033645629883E-02  0.1672744750976562E-02
macco            4      21  0.1000000000000000E+01  672000      50  0.6859302520751953E-03  0.6335020065307617E-02  0.1902818679809570E-02
macco            5      21  0.1000000000000000E+01  672000      50  0.7040500640869141E-03  0.6342887878417969E-02  0.1819372177124023E-02
macco            6      21  0.1000000000000000E+01  672000      50  0.6911754608154297E-03  0.6341934204101562E-02  0.1849412918090820E-02
macco            7      21  0.1000000000000000E+01  672000      50  0.6999969482421875E-03  0.6343841552734375E-02  0.1756906509399414E-02
macco            8      21  0.1000000000000000E+01  672000      50  0.6949901580810547E-03  0.6325006484985352E-02  0.1859664916992188E-02
macco            9      21  0.1000000000000000E+01  672000      50  0.6959438323974609E-03  0.6335020065307617E-02  0.1883268356323242E-02
macco           10      21  0.1000000000000000E+01  672000      50  0.6878376007080078E-03  0.6340026855468750E-02  0.1850128173828125E-02
macco           11      21  0.1000000000000000E+01  672000      50  0.6968975067138672E-03  0.6352186203002930E-02  0.1777410507202148E-02
macco           12      21  0.1000000000000000E+01  672000      50  0.6918907165527344E-03  0.6349086761474609E-02  0.1868963241577148E-02
macco           13      21  0.1000000000000000E+01  672000      50  0.6868839263916016E-03  0.6355047225952148E-02  0.1837491989135742E-02
macco           14      21  0.1000000000000000E+01  672000      50  0.7019042968750000E-03  0.6356954574584961E-02  0.1864433288574219E-02
macco           15      21  0.1000000000000000E+01  672000      50  0.6818771362304688E-03  0.6357908248901367E-02  0.1725912094116211E-02
macco           16      21  0.1000000000000000E+01  672000      50  0.7109642028808594E-03  0.6327867507934570E-02  0.2470493316650391E-02
macco           17      21  0.1000000000000000E+01  672000      50  0.7109642028808594E-03  0.6329059600830078E-02  0.2462863922119141E-02
macco           18      21  0.1000000000000000E+01  672000      50  0.7081031799316406E-03  0.6332874298095703E-02  0.2369642257690430E-02
macco           19      21  0.1000000000000000E+01  672000      50  0.7228851318359375E-03  0.6330013275146484E-02  0.2364873886108398E-02
macco           20      21  0.1000000000000000E+01  672000      50  0.7228851318359375E-03  0.6328105926513672E-02  0.2379894256591797E-02
macco            0      22  0.1000000000000000E+01  704000      50  0.7579326629638672E-03  0.6700038909912109E-02  0.2256870269775391E-02
macco            1      22  0.1000000000000000E+01  704000      50  0.7719993591308594E-03  0.6708860397338867E-02  0.1995086669921875E-02
macco            2      22  0.1000000000000000E+01  704000      50  0.7829666137695312E-03  0.6716966629028320E-02  0.2144336700439453E-02
macco            3      22  0.1000000000000000E+01  704000      50  0.7820129394531250E-03  0.6718873977661133E-02  0.2303123474121094E-02
macco            4      22  0.1000000000000000E+01  704000      50  0.7820129394531250E-03  0.6726026535034180E-02  0.2303361892700195E-02
macco            5      22  0.1000000000000000E+01  704000      50  0.7719993591308594E-03  0.6735086441040039E-02  0.2301216125488281E-02
macco            6      22  0.1000000000000000E+01  704000      50  0.7851123809814453E-03  0.6742000579833984E-02  0.2194881439208984E-02
macco            7      22  0.1000000000000000E+01  704000      50  0.7820129394531250E-03  0.6747961044311523E-02  0.2316713333129883E-02
macco            8      22  0.1000000000000000E+01  704000      50  0.7817745208740234E-03  0.6750106811523438E-02  0.2302169799804688E-02
macco            9      22  0.1000000000000000E+01  704000      50  0.7898807525634766E-03  0.6761074066162109E-02  0.2320766448974609E-02
macco           10      22  0.1000000000000000E+01  704000      50  0.7898807525634766E-03  0.6767988204956055E-02  0.2317190170288086E-02
macco           11      22  0.1000000000000000E+01  704000      50  0.7870197296142578E-03  0.6776094436645508E-02  0.2202033996582031E-02
macco           12      22  0.1000000000000000E+01  704000      50  0.7789134979248047E-03  0.6783962249755859E-02  0.2343893051147461E-02
macco           13      22  0.1000000000000000E+01  704000      50  0.7879734039306641E-03  0.6792068481445312E-02  0.2366065979003906E-02
macco           14      22  0.1000000000000000E+01  704000      50  0.7760524749755859E-03  0.6799936294555664E-02  0.2341985702514648E-02
macco           15      22  0.1000000000000000E+01  704000      50  0.7820129394531250E-03  0.6805896759033203E-02  0.2366781234741211E-02
macco           16      22  0.1000000000000000E+01  704000      50  0.6840229034423828E-03  0.6824016571044922E-02  0.1860618591308594E-02
macco           17      22  0.1000000000000000E+01  704000      50  0.6830692291259766E-03  0.6825923919677734E-02  0.1956224441528320E-02
macco           18      22  0.1000000000000000E+01  704000      50  0.6849765777587891E-03  0.6826162338256836E-02  0.1846790313720703E-02
macco           19      22  0.1000000000000000E+01  704000      50  0.6859302520751953E-03  0.6827116012573242E-02  0.1928806304931641E-02
macco           20      22  0.1000000000000000E+01  704000      50  0.6859302520751953E-03  0.6808042526245117E-02  0.2701520919799805E-02
macco           21      22  0.1000000000000000E+01  704000      50  0.6790161132812500E-03  0.6808996200561523E-02  0.2738237380981445E-02
macco            0      23  0.1000000000000000E+01  736000      50  0.8671283721923828E-03  0.6227970123291016E-02  0.1781940460205078E-02
macco            1      23  0.1000000000000000E+01  736000      50  0.8871555328369141E-03  0.6235837936401367E-02  0.1748800277709961E-02
macco            2      23  0.1000000000000000E+01  736000      50  0.8940696716308594E-03  0.6242990493774414E-02  0.1793861389160156E-02
macco            3      23  0.1000000000000000E+01  736000      50  0.8800029754638672E-03  0.6247043609619141E-02  0.1783370971679688E-02
macco            4      23  0.1000000000000000E+01  736000      50  0.8859634399414062E-03  0.6249904632568359E-02  0.1793861389160156E-02
macco            5      23  0.1000000000000000E+01  736000      50  0.8881092071533203E-03  0.6254911422729492E-02  0.1795768737792969E-02
macco            6      23  0.1000000000000000E+01  736000      50  0.8790493011474609E-03  0.6253957748413086E-02  0.1776695251464844E-02
macco            7      23  0.1000000000000000E+01  736000      50  0.8819103240966797E-03  0.6256103515625000E-02  0.1784801483154297E-02
macco            8      23  0.1000000000000000E+01  736000      50  0.8800029754638672E-03  0.6269931793212891E-02  0.1686096191406250E-02
macco            9      23  0.1000000000000000E+01  736000      50  0.8840560913085938E-03  0.6258964538574219E-02  0.1792669296264648E-02
macco           10      23  0.1000000000000000E+01  736000      50  0.8800029754638672E-03  0.6261110305786133E-02  0.1774549484252930E-02
macco           11      23  0.1000000000000000E+01  736000      50  0.8831024169921875E-03  0.6264925003051758E-02  0.1772880554199219E-02
macco           12      23  0.1000000000000000E+01  736000      50  0.8809566497802734E-03  0.6272077560424805E-02  0.1688480377197266E-02
macco           13      23  0.1000000000000000E+01  736000      50  0.8819103240966797E-03  0.6269931793212891E-02  0.1786231994628906E-02
macco           14      23  0.1000000000000000E+01  736000      50  0.8831024169921875E-03  0.6273984909057617E-02  0.1763820648193359E-02
macco           15      23  0.1000000000000000E+01  736000      50  0.8809566497802734E-03  0.6277084350585938E-02  0.1808166503906250E-02
macco           16      23  0.1000000000000000E+01  736000      50  0.9419918060302734E-03  0.6248950958251953E-02  0.2204418182373047E-02
macco           17      23  0.1000000000000000E+01  736000      50  0.9419918060302734E-03  0.6247043609619141E-02  0.2216815948486328E-02
macco           18      23  0.1000000000000000E+01  736000      50  0.9310245513916016E-03  0.6245136260986328E-02  0.2214908599853516E-02
macco           19      23  0.1000000000000000E+01  736000      50  0.9429454803466797E-03  0.6247043609619141E-02  0.2256155014038086E-02
macco           20      23  0.1000000000000000E+01  736000      50  0.9708404541015625E-03  0.6247043609619141E-02  0.2146959304809570E-02
macco           21      23  0.1000000000000000E+01  736000      50  0.9720325469970703E-03  0.6247043609619141E-02  0.2033710479736328E-02
macco           22      23  0.1000000000000000E+01  736000      50  0.9720325469970703E-03  0.6246089935302734E-02  0.2141237258911133E-02
macco            0      24  0.1000000000000000E+01  768000      50  0.7359981536865234E-03  0.6337881088256836E-02  0.1844882965087891E-02
macco            1      24  0.1000000000000000E+01  768000      50  0.7500648498535156E-03  0.6352901458740234E-02  0.1881599426269531E-02
macco            2      24  0.1000000000000000E+01  768000      50  0.7510185241699219E-03  0.6361961364746094E-02  0.1861572265625000E-02
macco            3      24  0.1000000000000000E+01  768000      50  0.7510185241699219E-03  0.6364822387695312E-02  0.1932382583618164E-02
macco            4      24  0.1000000000000000E+01  768000      50  0.7519721984863281E-03  0.6370067596435547E-02  0.1782417297363281E-02
macco            5      24  0.1000000000000000E+01  768000      50  0.7519721984863281E-03  0.6371974945068359E-02  0.1775264739990234E-02
macco            6      24  0.1000000000000000E+01  768000      50  0.7519721984863281E-03  0.6370067596435547E-02  0.1876115798950195E-02
macco            7      24  0.1000000000000000E+01  768000      50  0.7510185241699219E-03  0.6374835968017578E-02  0.1882791519165039E-02
macco            8      24  0.1000000000000000E+01  768000      50  0.7560253143310547E-03  0.6370067596435547E-02  0.1907110214233398E-02
macco            9      24  0.1000000000000000E+01  768000      50  0.7519721984863281E-03  0.6377935409545898E-02  0.1777410507202148E-02
macco           10      24  0.1000000000000000E+01  768000      50  0.7550716400146484E-03  0.6376028060913086E-02  0.1897335052490234E-02
macco           11      24  0.1000000000000000E+01  768000      50  0.7481575012207031E-03  0.6386041641235352E-02  0.1921415328979492E-02
macco           12      24  0.1000000000000000E+01  768000      50  0.7560253143310547E-03  0.6385087966918945E-02  0.1904010772705078E-02
macco           13      24  0.1000000000000000E+01  768000      50  0.7491111755371094E-03  0.6391048431396484E-02  0.1931905746459961E-02
macco           14      24  0.1000000000000000E+01  768000      50  0.7500648498535156E-03  0.6391048431396484E-02  0.1905918121337891E-02
macco           15      24  0.1000000000000000E+01  768000      50  0.7550716400146484E-03  0.6392955780029297E-02  0.1834630966186523E-02
macco           16      24  0.1000000000000000E+01  768000      50  0.6709098815917969E-03  0.6382942199707031E-02  0.2261877059936523E-02
macco           17      24  0.1000000000000000E+01  768000      50  0.6639957427978516E-03  0.6380081176757812E-02  0.2182960510253906E-02
macco           18      24  0.1000000000000000E+01  768000      50  0.6718635559082031E-03  0.6376981735229492E-02  0.2296447753906250E-02
macco           19      24  0.1000000000000000E+01  768000      50  0.6721019744873047E-03  0.6381034851074219E-02  0.2275228500366211E-02
macco           20      24  0.1000000000000000E+01  768000      50  0.6711483001708984E-03  0.6377935409545898E-02  0.2194881439208984E-02
macco           21      24  0.1000000000000000E+01  768000      50  0.6711483001708984E-03  0.6377935409545898E-02  0.2306461334228516E-02
macco           22      24  0.1000000000000000E+01  768000      50  0.6709098815917969E-03  0.6374120712280273E-02  0.2299785614013672E-02
macco           23      24  0.1000000000000000E+01  768000      50  0.6649494171142578E-03  0.6376981735229492E-02  0.2288341522216797E-02
macco            0      25  0.1000000000000000E+01  800000      50  0.7019042968750000E-03  0.6464958190917969E-02  0.2022981643676758E-02
macco            1      25  0.1000000000000000E+01  800000      50  0.7309913635253906E-03  0.6470918655395508E-02  0.2066612243652344E-02
macco            2      25  0.1000000000000000E+01  800000      50  0.7319450378417969E-03  0.6479024887084961E-02  0.1932144165039062E-02
macco            3      25  0.1000000000000000E+01  800000      50  0.7309913635253906E-03  0.6480932235717773E-02  0.2029895782470703E-02
macco            4      25  0.1000000000000000E+01  800000      50  0.7269382476806641E-03  0.6487131118774414E-02  0.2031564712524414E-02
macco            5      25  0.1000000000000000E+01  800000      50  0.7100105285644531E-03  0.6491899490356445E-02  0.1915454864501953E-02
macco            6      25  0.1000000000000000E+01  800000      50  0.7309913635253906E-03  0.6493091583251953E-02  0.1940250396728516E-02
macco            7      25  0.1000000000000000E+01  800000      50  0.7300376892089844E-03  0.6493091583251953E-02  0.2030611038208008E-02
macco            8      25  0.1000000000000000E+01  800000      50  0.7028579711914062E-03  0.6488084793090820E-02  0.2026796340942383E-02
macco            9      25  0.1000000000000000E+01  800000      50  0.7300376892089844E-03  0.6483078002929688E-02  0.2066850662231445E-02
macco           10      25  0.1000000000000000E+01  800000      50  0.7219314575195312E-03  0.6497144699096680E-02  0.1921653747558594E-02
macco           11      25  0.1000000000000000E+01  800000      50  0.7178783416748047E-03  0.6500005722045898E-02  0.2016305923461914E-02
macco           12      25  0.1000000000000000E+01  800000      50  0.7309913635253906E-03  0.6500959396362305E-02  0.2055168151855469E-02
macco           13      25  0.1000000000000000E+01  800000      50  0.7250308990478516E-03  0.6506919860839844E-02  0.2070188522338867E-02
macco           14      25  0.1000000000000000E+01  800000      50  0.7188320159912109E-03  0.6507158279418945E-02  0.2062559127807617E-02
macco           15      25  0.1000000000000000E+01  800000      50  0.7200241088867188E-03  0.6510972976684570E-02  0.1963853836059570E-02
macco           16      25  0.1000000000000000E+01  800000      50  0.7779598236083984E-03  0.6500005722045898E-02  0.2334833145141602E-02
macco           17      25  0.1000000000000000E+01  800000      50  0.7770061492919922E-03  0.6505966186523438E-02  0.2354383468627930E-02
macco           18      25  0.1000000000000000E+01  800000      50  0.7770061492919922E-03  0.6515979766845703E-02  0.2286434173583984E-02
macco           19      25  0.1000000000000000E+01  800000      50  0.7770061492919922E-03  0.6525039672851562E-02  0.2415180206298828E-02
macco           20      25  0.1000000000000000E+01  800000      50  0.7770061492919922E-03  0.6533145904541016E-02  0.2407073974609375E-02
macco           21      25  0.1000000000000000E+01  800000      50  0.7698535919189453E-03  0.6556034088134766E-02  0.1842498779296875E-02
macco           22      25  0.1000000000000000E+01  800000      50  0.7739067077636719E-03  0.6556987762451172E-02  0.1855850219726562E-02
macco           23      25  0.1000000000000000E+01  800000      50  0.7688999176025391E-03  0.6558179855346680E-02  0.1845836639404297E-02
macco           24      25  0.1000000000000000E+01  800000      50  0.7748603820800781E-03  0.6556987762451172E-02  0.1810312271118164E-02
macco            0      26  0.1000000000000000E+01  832000      50  0.7700920104980469E-03  0.6412029266357422E-02  0.1532077789306641E-02
macco            1      26  0.1000000000000000E+01  832000      50  0.7860660552978516E-03  0.6413936614990234E-02  0.1940965652465820E-02
macco            2      26  0.1000000000000000E+01  832000      50  0.7879734039306641E-03  0.6422042846679688E-02  0.1945018768310547E-02
macco            3      26  0.1000000000000000E+01  832000      50  0.7760524749755859E-03  0.6428956985473633E-02  0.1931667327880859E-02
macco            4      26  0.1000000000000000E+01  832000      50  0.7750988006591797E-03  0.6433963775634766E-02  0.1948833465576172E-02
macco            5      26  0.1000000000000000E+01  832000      50  0.7841587066650391E-03  0.6435871124267578E-02  0.1946210861206055E-02
macco            6      26  0.1000000000000000E+01  832000      50  0.7870197296142578E-03  0.6437063217163086E-02  0.1925230026245117E-02
macco            7      26  0.1000000000000000E+01  832000      50  0.7860660552978516E-03  0.6438970565795898E-02  0.1943111419677734E-02
macco            8      26  0.1000000000000000E+01  832000      50  0.7801055908203125E-03  0.6436109542846680E-02  0.1930952072143555E-02
macco            9      26  0.1000000000000000E+01  832000      50  0.7700920104980469E-03  0.6443023681640625E-02  0.1977205276489258E-02
macco           10      26  0.1000000000000000E+01  832000      50  0.7829666137695312E-03  0.6444931030273438E-02  0.1907587051391602E-02
macco           11      26  0.1000000000000000E+01  832000      50  0.7750988006591797E-03  0.6451845169067383E-02  0.1991510391235352E-02
macco           12      26  0.1000000000000000E+01  832000      50  0.7801055908203125E-03  0.6454944610595703E-02  0.2015113830566406E-02
macco           13      26  0.1000000000000000E+01  832000      50  0.7810592651367188E-03  0.6460905075073242E-02  0.1923084259033203E-02
macco           14      26  0.1000000000000000E+01  832000      50  0.7829666137695312E-03  0.6458044052124023E-02  0.1981258392333984E-02
macco           15      26  0.1000000000000000E+01  832000      50  0.7750988006591797E-03  0.6461858749389648E-02  0.1861095428466797E-02
macco           16      26  0.1000000000000000E+01  832000      50  0.7860660552978516E-03  0.6443023681640625E-02  0.2410411834716797E-02
macco           17      26  0.1000000000000000E+01  832000      50  0.7860660552978516E-03  0.6448030471801758E-02  0.2419710159301758E-02
macco           18      26  0.1000000000000000E+01  832000      50  0.7860660552978516E-03  0.6445169448852539E-02  0.2406835556030273E-02
macco           19      26  0.1000000000000000E+01  832000      50  0.7870197296142578E-03  0.6446123123168945E-02  0.2392292022705078E-02
macco           20      26  0.1000000000000000E+01  832000      50  0.7851123809814453E-03  0.6449937820434570E-02  0.2435445785522461E-02
macco           21      26  0.1000000000000000E+01  832000      50  0.7789134979248047E-03  0.6449937820434570E-02  0.2156972885131836E-02
macco           22      26  0.1000000000000000E+01  832000      50  0.7801055908203125E-03  0.6448984146118164E-02  0.2183675765991211E-02
macco           23      26  0.1000000000000000E+01  832000      50  0.7801055908203125E-03  0.6454944610595703E-02  0.2059221267700195E-02
macco           24      26  0.1000000000000000E+01  832000      50  0.7781982421875000E-03  0.6455898284912109E-02  0.2197742462158203E-02
macco           25      26  0.1000000000000000E+01  832000      50  0.7801055908203125E-03  0.6452083587646484E-02  0.2165317535400391E-02
macco            0      27  0.1000000000000000E+01  864000      50  0.7579326629638672E-03  0.6353139877319336E-02  0.1861095428466797E-02
macco            1      27  0.1000000000000000E+01  864000      50  0.7679462432861328E-03  0.6357908248901367E-02  0.1884937286376953E-02
macco            2      27  0.1000000000000000E+01  864000      50  0.7770061492919922E-03  0.6366968154907227E-02  0.1505374908447266E-02
macco            3      27  0.1000000000000000E+01  864000      50  0.7610321044921875E-03  0.6371974945068359E-02  0.1928091049194336E-02
macco            4      27  0.1000000000000000E+01  864000      50  0.7679462432861328E-03  0.6375074386596680E-02  0.1791715621948242E-02
macco            5      27  0.1000000000000000E+01  864000      50  0.7760524749755859E-03  0.6372928619384766E-02  0.1910924911499023E-02
macco            6      27  0.1000000000000000E+01  864000      50  0.7770061492919922E-03  0.6376028060913086E-02  0.1869440078735352E-02
macco            7      27  0.1000000000000000E+01  864000      50  0.7729530334472656E-03  0.6377935409545898E-02  0.1912117004394531E-02
macco            8      27  0.1000000000000000E+01  864000      50  0.7669925689697266E-03  0.6389141082763672E-02  0.1781940460205078E-02
macco            9      27  0.1000000000000000E+01  864000      50  0.7660388946533203E-03  0.6376028060913086E-02  0.1912832260131836E-02
macco           10      27  0.1000000000000000E+01  864000      50  0.7700920104980469E-03  0.6377935409545898E-02  0.1914262771606445E-02
macco           11      27  0.1000000000000000E+01  864000      50  0.7739067077636719E-03  0.6382942199707031E-02  0.1913070678710938E-02
macco           12      27  0.1000000000000000E+01  864000      50  0.7770061492919922E-03  0.6384134292602539E-02  0.1951932907104492E-02
macco           13      27  0.1000000000000000E+01  864000      50  0.7770061492919922E-03  0.6387948989868164E-02  0.1913309097290039E-02
macco           14      27  0.1000000000000000E+01  864000      50  0.7679462432861328E-03  0.6389141082763672E-02  0.1898527145385742E-02
macco           15      27  0.1000000000000000E+01  864000      50  0.7691383361816406E-03  0.6392002105712891E-02  0.1915216445922852E-02
macco           16      27  0.1000000000000000E+01  864000      50  0.7970333099365234E-03  0.6371021270751953E-02  0.2107858657836914E-02
macco           17      27  0.1000000000000000E+01  864000      50  0.7960796356201172E-03  0.6370067596435547E-02  0.2110719680786133E-02
macco           18      27  0.1000000000000000E+01  864000      50  0.8020401000976562E-03  0.6366968154907227E-02  0.2092599868774414E-02
macco           19      27  0.1000000000000000E+01  864000      50  0.8020401000976562E-03  0.6375074386596680E-02  0.1972913742065430E-02
macco           20      27  0.1000000000000000E+01  864000      50  0.8029937744140625E-03  0.6375074386596680E-02  0.2037525177001953E-02
macco           21      27  0.1000000000000000E+01  864000      50  0.7929801940917969E-03  0.6376981735229492E-02  0.1980781555175781E-02
macco           22      27  0.1000000000000000E+01  864000      50  0.7939338684082031E-03  0.6377935409545898E-02  0.1964807510375977E-02
macco           23      27  0.1000000000000000E+01  864000      50  0.7948875427246094E-03  0.6376028060913086E-02  0.1950502395629883E-02
macco           24      27  0.1000000000000000E+01  864000      50  0.7939338684082031E-03  0.6378889083862305E-02  0.1962900161743164E-02
macco           25      27  0.1000000000000000E+01  864000      50  0.7948875427246094E-03  0.6375074386596680E-02  0.2068996429443359E-02
macco           26      27  0.1000000000000000E+01  864000      50  0.7939338684082031E-03  0.6373882293701172E-02  0.2089500427246094E-02
macco            0      28  0.1000000000000000E+01  896000      50  0.7200241088867188E-03  0.6492137908935547E-02  0.1894950866699219E-02
macco            1      28  0.1000000000000000E+01  896000      50  0.7379055023193359E-03  0.6495952606201172E-02  0.2050638198852539E-02
macco            2      28  0.1000000000000000E+01  896000      50  0.7450580596923828E-03  0.6497144699096680E-02  0.1905202865600586E-02
macco            3      28  0.1000000000000000E+01  896000      50  0.7379055023193359E-03  0.6504058837890625E-02  0.2040863037109375E-02
macco            4      28  0.1000000000000000E+01  896000      50  0.7450580596923828E-03  0.6520986557006836E-02  0.1978874206542969E-02
macco            5      28  0.1000000000000000E+01  896000      50  0.7369518280029297E-03  0.6531000137329102E-02  0.1744508743286133E-02
macco            6      28  0.1000000000000000E+01  896000      50  0.7441043853759766E-03  0.6531953811645508E-02  0.2005338668823242E-02
macco            7      28  0.1000000000000000E+01  896000      50  0.7359981536865234E-03  0.6537914276123047E-02  0.2099990844726562E-02
macco            8      28  0.1000000000000000E+01  896000      50  0.7410049438476562E-03  0.6544113159179688E-02  0.2056360244750977E-02
macco            9      28  0.1000000000000000E+01  896000      50  0.7400512695312500E-03  0.6542921066284180E-02  0.2073764801025391E-02
macco           10      28  0.1000000000000000E+01  896000      50  0.7419586181640625E-03  0.6547212600708008E-02  0.1986026763916016E-02
macco           11      28  0.1000000000000000E+01  896000      50  0.7410049438476562E-03  0.6553173065185547E-02  0.2026557922363281E-02
macco           12      28  0.1000000000000000E+01  896000      50  0.7410049438476562E-03  0.6554126739501953E-02  0.2068042755126953E-02
macco           13      28  0.1000000000000000E+01  896000      50  0.7400512695312500E-03  0.6576061248779297E-02  0.2122640609741211E-02
macco           14      28  0.1000000000000000E+01  896000      50  0.7410049438476562E-03  0.6576061248779297E-02  0.2090692520141602E-02
macco           15      28  0.1000000000000000E+01  896000      50  0.7400512695312500E-03  0.6588935852050781E-02  0.2142429351806641E-02
macco           16      28  0.1000000000000000E+01  896000      50  0.7319450378417969E-03  0.6592035293579102E-02  0.2221584320068359E-02
macco           17      28  0.1000000000000000E+01  896000      50  0.7379055023193359E-03  0.6632089614868164E-02  0.2274513244628906E-02
macco           18      28  0.1000000000000000E+01  896000      50  0.7488727569580078E-03  0.6630182266235352E-02  0.2258777618408203E-02
macco           19      28  0.1000000000000000E+01  896000      50  0.7419586181640625E-03  0.6640911102294922E-02  0.2146959304809570E-02
macco           20      28  0.1000000000000000E+01  896000      50  0.7488727569580078E-03  0.6646156311035156E-02  0.2197265625000000E-02
macco           21      28  0.1000000000000000E+01  896000      50  0.7479190826416016E-03  0.6655931472778320E-02  0.2192258834838867E-02
macco           22      28  0.1000000000000000E+01  896000      50  0.7398128509521484E-03  0.6678104400634766E-02  0.1949787139892578E-02
macco           23      28  0.1000000000000000E+01  896000      50  0.7388591766357422E-03  0.6688117980957031E-02  0.1806020736694336E-02
macco           24      28  0.1000000000000000E+01  896000      50  0.7379055023193359E-03  0.6685018539428711E-02  0.1966714859008789E-02
macco           25      28  0.1000000000000000E+01  896000      50  0.7240772247314453E-03  0.6684064865112305E-02  0.1948595046997070E-02
macco           26      28  0.1000000000000000E+01  896000      50  0.7340908050537109E-03  0.6681919097900391E-02  0.2017736434936523E-02
macco           27      28  0.1000000000000000E+01  896000      50  0.7309913635253906E-03  0.6685972213745117E-02  0.1982688903808594E-02
macco            0      29  0.1000000000000000E+01  928000      50  0.7629394531250000E-03  0.6392002105712891E-02  0.1924276351928711E-02
macco            1      29  0.1000000000000000E+01  928000      50  0.7870197296142578E-03  0.6396055221557617E-02  0.1889705657958984E-02
macco            2      29  0.1000000000000000E+01  928000      50  0.7960796356201172E-03  0.6400108337402344E-02  0.1848697662353516E-02
macco            3      29  0.1000000000000000E+01  928000      50  0.7960796356201172E-03  0.6397962570190430E-02  0.1907348632812500E-02
macco            4      29  0.1000000000000000E+01  928000      50  0.1260995864868164E-02  0.5939006805419922E-02  0.1558780670166016E-02
macco            5      29  0.1000000000000000E+01  928000      50  0.1261949539184570E-02  0.5941152572631836E-02  0.1496076583862305E-02
macco            6      29  0.1000000000000000E+01  928000      50  0.7879734039306641E-03  0.6407976150512695E-02  0.1921415328979492E-02
macco            7      29  0.1000000000000000E+01  928000      50  0.7939338684082031E-03  0.6409883499145508E-02  0.1937389373779297E-02
macco            8      29  0.1000000000000000E+01  928000      50  0.7948875427246094E-03  0.6421089172363281E-02  0.1825809478759766E-02
macco            9      29  0.1000000000000000E+01  928000      50  0.7820129394531250E-03  0.6416082382202148E-02  0.1942396163940430E-02
macco           10      29  0.1000000000000000E+01  928000      50  0.7939338684082031E-03  0.6411075592041016E-02  0.1915693283081055E-02
macco           11      29  0.1000000000000000E+01  928000      50  0.7810592651367188E-03  0.6418943405151367E-02  0.1935720443725586E-02
macco           12      29  0.1000000000000000E+01  928000      50  0.7798671722412109E-03  0.6416082382202148E-02  0.1958131790161133E-02
macco           13      29  0.1000000000000000E+01  928000      50  0.7929801940917969E-03  0.6424903869628906E-02  0.1812934875488281E-02
macco           14      29  0.1000000000000000E+01  928000      50  0.7939338684082031E-03  0.6422042846679688E-02  0.1945018768310547E-02
macco           15      29  0.1000000000000000E+01  928000      50  0.7901191711425781E-03  0.6423950195312500E-02  0.1943349838256836E-02
macco           16      29  0.1000000000000000E+01  928000      50  0.7870197296142578E-03  0.6405115127563477E-02  0.2079725265502930E-02
macco           17      29  0.1000000000000000E+01  928000      50  0.7939338684082031E-03  0.6414890289306641E-02  0.2103328704833984E-02
macco           18      29  0.1000000000000000E+01  928000      50  0.7939338684082031E-03  0.6412029266357422E-02  0.2088785171508789E-02
macco           19      29  0.1000000000000000E+01  928000      50  0.7870197296142578E-03  0.6409883499145508E-02  0.2088308334350586E-02
macco           20      29  0.1000000000000000E+01  928000      50  0.1252889633178711E-02  0.5951166152954102E-02  0.1664638519287109E-02
macco           21      29  0.1000000000000000E+01  928000      50  0.1258850097656250E-02  0.5953073501586914E-02  0.1658439636230469E-02
macco           22      29  0.1000000000000000E+01  928000      50  0.7948875427246094E-03  0.6417036056518555E-02  0.2081394195556641E-02
macco           23      29  0.1000000000000000E+01  928000      50  0.7870197296142578E-03  0.6411075592041016E-02  0.2018928527832031E-02
macco           24      29  0.1000000000000000E+01  928000      50  0.7829666137695312E-03  0.6412029266357422E-02  0.2002477645874023E-02
macco           25      29  0.1000000000000000E+01  928000      50  0.7870197296142578E-03  0.6413936614990234E-02  0.2001523971557617E-02
macco           26      29  0.1000000000000000E+01  928000      50  0.7860660552978516E-03  0.6418943405151367E-02  0.2021789550781250E-02
macco           27      29  0.1000000000000000E+01  928000      50  0.7860660552978516E-03  0.6417036056518555E-02  0.2031326293945312E-02
macco           28      29  0.1000000000000000E+01  928000      50  0.7870197296142578E-03  0.6417036056518555E-02  0.2004146575927734E-02
macco            0      30  0.1000000000000000E+01  960000      50  0.8699893951416016E-03  0.6224870681762695E-02  0.1664876937866211E-02
macco            1      30  0.1000000000000000E+01  960000      50  0.8971691131591797E-03  0.6237983703613281E-02  0.1677036285400391E-02
macco            2      30  0.1000000000000000E+01  960000      50  0.8940696716308594E-03  0.6231069564819336E-02  0.1750946044921875E-02
macco            3      30  0.1000000000000000E+01  960000      50  0.8921623229980469E-03  0.6247043609619141E-02  0.1688718795776367E-02
macco            4      30  0.1000000000000000E+01  960000      50  0.1130104064941406E-02  0.6005048751831055E-02  0.1580238342285156E-02
macco            5      30  0.1000000000000000E+01  960000      50  0.1121997833251953E-02  0.6009817123413086E-02  0.1371622085571289E-02
macco            6      30  0.1000000000000000E+01  960000      50  0.8950233459472656E-03  0.6243944168090820E-02  0.1644372940063477E-02
macco            7      30  0.1000000000000000E+01  960000      50  0.8959770202636719E-03  0.6242990493774414E-02  0.1757144927978516E-02
macco            8      30  0.1000000000000000E+01  960000      50  0.8869171142578125E-03  0.6246089935302734E-02  0.1746654510498047E-02
macco            9      30  0.1000000000000000E+01  960000      50  0.8859634399414062E-03  0.6244897842407227E-02  0.1770734786987305E-02
macco           10      30  0.1000000000000000E+01  960000      50  0.8869171142578125E-03  0.6239891052246094E-02  0.1763582229614258E-02
macco           11      30  0.1000000000000000E+01  960000      50  0.8840560913085938E-03  0.6247997283935547E-02  0.1753807067871094E-02
macco           12      30  0.1000000000000000E+01  960000      50  0.8869171142578125E-03  0.6251096725463867E-02  0.1797676086425781E-02
macco           13      30  0.1000000000000000E+01  960000      50  0.8821487426757812E-03  0.6253004074096680E-02  0.1762628555297852E-02
macco           14      30  0.1000000000000000E+01  960000      50  0.8869171142578125E-03  0.6253957748413086E-02  0.1648426055908203E-02
macco           15      30  0.1000000000000000E+01  960000      50  0.8859634399414062E-03  0.6253957748413086E-02  0.1789569854736328E-02
macco           16      30  0.1000000000000000E+01  960000      50  0.7059574127197266E-03  0.6250143051147461E-02  0.1802682876586914E-02
macco           17      30  0.1000000000000000E+01  960000      50  0.6978511810302734E-03  0.6247043609619141E-02  0.1895666122436523E-02
macco           18      30  0.1000000000000000E+01  960000      50  0.7181167602539062E-03  0.6232023239135742E-02  0.1907587051391602E-02
macco           19      30  0.1000000000000000E+01  960000      50  0.7038116455078125E-03  0.6250143051147461E-02  0.1887559890747070E-02
macco           20      30  0.1000000000000000E+01  960000      50  0.9441375732421875E-03  0.6002902984619141E-02  0.1721143722534180E-02
macco           21      30  0.1000000000000000E+01  960000      50  0.9348392486572266E-03  0.6015062332153320E-02  0.1584291458129883E-02
macco           22      30  0.1000000000000000E+01  960000      50  0.7081031799316406E-03  0.6249904632568359E-02  0.1907825469970703E-02
macco           23      30  0.1000000000000000E+01  960000      50  0.6911754608154297E-03  0.6246805191040039E-02  0.1793384552001953E-02
macco           24      30  0.1000000000000000E+01  960000      50  0.6999969482421875E-03  0.6250858306884766E-02  0.1800537109375000E-02
macco           25      30  0.1000000000000000E+01  960000      50  0.6999969482421875E-03  0.6256103515625000E-02  0.1796007156372070E-02
macco           26      30  0.1000000000000000E+01  960000      50  0.7011890411376953E-03  0.6253004074096680E-02  0.1786947250366211E-02
macco           27      30  0.1000000000000000E+01  960000      50  0.7011890411376953E-03  0.6258010864257812E-02  0.1701593399047852E-02
macco           28      30  0.1000000000000000E+01  960000      50  0.6899833679199219E-03  0.6258010864257812E-02  0.1796483993530273E-02
macco           29      30  0.1000000000000000E+01  960000      50  0.6918907165527344E-03  0.6255149841308594E-02  0.1795291900634766E-02
macco            0      31  0.1000000000000000E+01  992000      50  0.9760856628417969E-03  0.6616830825805664E-02  0.2146482467651367E-02
macco            1      31  0.1000000000000000E+01  992000      50  0.1004934310913086E-02  0.6631135940551758E-02  0.2058982849121094E-02
macco            2      31  0.1000000000000000E+01  992000      50  0.1004934310913086E-02  0.6633996963500977E-02  0.2182006835937500E-02
macco            3      31  0.1000000000000000E+01  992000      50  0.9970664978027344E-03  0.6643056869506836E-02  0.2085447311401367E-02
macco            4      31  0.1000000000000000E+01  992000      50  0.1005172729492188E-02  0.6649971008300781E-02  0.2120494842529297E-02
macco            5      31  0.1000000000000000E+01  992000      50  0.1004219055175781E-02  0.6652832031250000E-02  0.2171277999877930E-02
macco            6      31  0.1000000000000000E+01  992000      50  0.1004934310913086E-02  0.6661176681518555E-02  0.2200365066528320E-02
macco            7      31  0.1000000000000000E+01  992000      50  0.9949207305908203E-03  0.6664037704467773E-02  0.2241134643554688E-02
macco            8      31  0.1000000000000000E+01  992000      50  0.1006126403808594E-02  0.6682872772216797E-02  0.1818895339965820E-02
macco            9      31  0.1000000000000000E+01  992000      50  0.1004219055175781E-02  0.6689786911010742E-02  0.1850128173828125E-02
macco           10      31  0.1000000000000000E+01  992000      50  0.1002073287963867E-02  0.6694793701171875E-02  0.1869201660156250E-02
macco           11      31  0.1000000000000000E+01  992000      50  0.1003980636596680E-02  0.6700038909912109E-02  0.1834154129028320E-02
macco           12      31  0.1000000000000000E+01  992000      50  0.1007080078125000E-02  0.6702899932861328E-02  0.1816034317016602E-02
macco           13      31  0.1000000000000000E+01  992000      50  0.1005172729492188E-02  0.6705999374389648E-02  0.1882791519165039E-02
macco           14      31  0.1000000000000000E+01  992000      50  0.9958744049072266E-03  0.6710052490234375E-02  0.1753091812133789E-02
macco           15      31  0.1000000000000000E+01  992000      50  0.1003026962280273E-02  0.6710052490234375E-02  0.1835584640502930E-02
macco           16      31  0.1000000000000000E+01  992000      50  0.1247882843017578E-02  0.6711006164550781E-02  0.2086877822875977E-02
macco           17      31  0.1000000000000000E+01  992000      50  0.1241922378540039E-02  0.6700038909912109E-02  0.2203226089477539E-02
macco           18      31  0.1000000000000000E+01  992000      50  0.1245975494384766E-02  0.6695032119750977E-02  0.2193450927734375E-02
macco           19      31  0.1000000000000000E+01  992000      50  0.1245021820068359E-02  0.6710052490234375E-02  0.2228260040283203E-02
macco           20      31  0.1000000000000000E+01  992000      50  0.1233816146850586E-02  0.6704092025756836E-02  0.2218246459960938E-02
macco           21      31  0.1000000000000000E+01  992000      50  0.1239061355590820E-02  0.6709098815917969E-02  0.2222537994384766E-02
macco           22      31  0.1000000000000000E+01  992000      50  0.1233100891113281E-02  0.6711006164550781E-02  0.2243518829345703E-02
macco           23      31  0.1000000000000000E+01  992000      50  0.1243114471435547E-02  0.6714105606079102E-02  0.2116918563842773E-02
macco           24      31  0.1000000000000000E+01  992000      50  0.1243114471435547E-02  0.6692886352539062E-02  0.2221107482910156E-02
macco           25      31  0.1000000000000000E+01  992000      50  0.1242876052856445E-02  0.6703138351440430E-02  0.2217292785644531E-02
macco           26      31  0.1000000000000000E+01  992000      50  0.1236915588378906E-02  0.6700038909912109E-02  0.2234935760498047E-02
macco           27      31  0.1000000000000000E+01  992000      50  0.1238107681274414E-02  0.6705999374389648E-02  0.2225160598754883E-02
macco           28      31  0.1000000000000000E+01  992000      50  0.1245975494384766E-02  0.6707191467285156E-02  0.2122402191162109E-02
macco           29      31  0.1000000000000000E+01  992000      50  0.1245975494384766E-02  0.6705999374389648E-02  0.2243518829345703E-02
macco           30      31  0.1000000000000000E+01  992000      50  0.1230955123901367E-02  0.6710052490234375E-02  0.2016782760620117E-02
macco            0      32  0.1000000000000000E+01 1024000      50  0.9570121765136719E-03  0.6308078765869141E-02  0.1848220825195312E-02
macco            1      32  0.1000000000000000E+01 1024000      50  0.1073837280273438E-02  0.6212949752807617E-02  0.1790523529052734E-02
macco            2      32  0.1000000000000000E+01 1024000      50  0.9760856628417969E-03  0.6319999694824219E-02  0.1845359802246094E-02
macco            3      32  0.1000000000000000E+01 1024000      50  0.9679794311523438E-03  0.6321907043457031E-02  0.1832008361816406E-02
macco            4      32  0.1000000000000000E+01 1024000      50  0.9589195251464844E-03  0.6327152252197266E-02  0.1875877380371094E-02
macco            5      32  0.1000000000000000E+01 1024000      50  0.9701251983642578E-03  0.6330013275146484E-02  0.1848220825195312E-02
macco            6      32  0.1000000000000000E+01 1024000      50  0.9670257568359375E-03  0.6330966949462891E-02  0.1826286315917969E-02
macco            7      32  0.1000000000000000E+01 1024000      50  0.9760856628417969E-03  0.6330966949462891E-02  0.1854896545410156E-02
macco            8      32  0.1000000000000000E+01 1024000      50  0.9779930114746094E-03  0.6331920623779297E-02  0.1838922500610352E-02
macco            9      32  0.1000000000000000E+01 1024000      50  0.9789466857910156E-03  0.6329059600830078E-02  0.1861095428466797E-02
macco           10      32  0.1000000000000000E+01 1024000      50  0.9779930114746094E-03  0.6338119506835938E-02  0.1747608184814453E-02
macco           11      32  0.1000000000000000E+01 1024000      50  0.9779930114746094E-03  0.6335020065307617E-02  0.1832723617553711E-02
macco           12      32  0.1000000000000000E+01 1024000      50  0.9579658508300781E-03  0.6343126296997070E-02  0.1934766769409180E-02
macco           13      32  0.1000000000000000E+01 1024000      50  0.9670257568359375E-03  0.6341934204101562E-02  0.1881361007690430E-02
macco           14      32  0.1000000000000000E+01 1024000      50  0.9779930114746094E-03  0.6345987319946289E-02  0.1875877380371094E-02
macco           15      32  0.1000000000000000E+01 1024000      50  0.9660720825195312E-03  0.6345987319946289E-02  0.1894712448120117E-02
macco           16      32  0.1000000000000000E+01 1024000      50  0.7519721984863281E-03  0.6345033645629883E-02  0.1846075057983398E-02
macco           17      32  0.1000000000000000E+01 1024000      50  0.8659362792968750E-03  0.6232976913452148E-02  0.1798629760742188E-02
macco           18      32  0.1000000000000000E+01 1024000      50  0.7598400115966797E-03  0.6349086761474609E-02  0.1854181289672852E-02
macco           19      32  0.1000000000000000E+01 1024000      50  0.7598400115966797E-03  0.6353139877319336E-02  0.1854658126831055E-02
macco           20      32  0.1000000000000000E+01 1024000      50  0.7550716400146484E-03  0.6360054016113281E-02  0.1786947250366211E-02
macco           21      32  0.1000000000000000E+01 1024000      50  0.7598400115966797E-03  0.6357192993164062E-02  0.1880168914794922E-02
macco           22      32  0.1000000000000000E+01 1024000      50  0.7588863372802734E-03  0.6359100341796875E-02  0.1874446868896484E-02
macco           23      32  0.1000000000000000E+01 1024000      50  0.7510185241699219E-03  0.6360054016113281E-02  0.1835823059082031E-02
macco           24      32  0.1000000000000000E+01 1024000      50  0.7600784301757812E-03  0.6363153457641602E-02  0.1859426498413086E-02
macco           25      32  0.1000000000000000E+01 1024000      50  0.7498264312744141E-03  0.6371021270751953E-02  0.1770019531250000E-02
macco           26      32  0.1000000000000000E+01 1024000      50  0.7579326629638672E-03  0.6364107131958008E-02  0.1907825469970703E-02
macco           27      32  0.1000000000000000E+01 1024000      50  0.7610321044921875E-03  0.6358146667480469E-02  0.1882076263427734E-02
macco           28      32  0.1000000000000000E+01 1024000      50  0.7550716400146484E-03  0.6373882293701172E-02  0.1778364181518555E-02
macco           29      32  0.1000000000000000E+01 1024000      50  0.7610321044921875E-03  0.6368160247802734E-02  0.1865148544311523E-02
macco           30      32  0.1000000000000000E+01 1024000      50  0.7600784301757812E-03  0.6371021270751953E-02  0.1910448074340820E-02
macco           31      32  0.1000000000000000E+01 1024000      50  0.7610321044921875E-03  0.6366968154907227E-02  0.1842975616455078E-02
