upwind           0       3  0.1000000000000000E+01   96000      50  0.1361846923828125E-02  0.2974033355712891E-02  0.7836818695068359E-03
upwind           1       3  0.1000000000000000E+01   96000      50  0.1394987106323242E-02  0.2987146377563477E-02  0.6520748138427734E-03
upwind           2       3  0.1000000000000000E+01   96000      50  0.1416206359863281E-02  0.2988815307617188E-02  0.3182888031005859E-03
upwind           0       4  0.1000000000000000E+01  128000      50  0.5629062652587891E-03  0.2609968185424805E-02  0.4417896270751953E-03
upwind           1       4  0.1000000000000000E+01  128000      50  0.5779266357421875E-03  0.2614021301269531E-02  0.4053115844726562E-03
upwind           2       4  0.1000000000000000E+01  128000      50  0.5390644073486328E-03  0.2615928649902344E-02  0.3206729888916016E-03
upwind           3       4  0.1000000000000000E+01  128000      50  0.5500316619873047E-03  0.2616882324218750E-02  0.3118515014648438E-03
upwind           0       5  0.1000000000000000E+01  160000      50  0.5249977111816406E-03  0.3016948699951172E-02  0.5357265472412109E-03
upwind           1       5  0.1000000000000000E+01  160000      50  0.5497932434082031E-03  0.3026008605957031E-02  0.6995201110839844E-03
upwind           2       5  0.1000000000000000E+01  160000      50  0.5459785461425781E-03  0.3037929534912109E-02  0.6842613220214844E-03
upwind           3       5  0.1000000000000000E+01  160000      50  0.5719661712646484E-03  0.3040075302124023E-02  0.3354549407958984E-03
upwind           4       5  0.1000000000000000E+01  160000      50  0.5710124969482422E-03  0.3042936325073242E-02  0.3244876861572266E-03
upwind           0       6  0.1000000000000000E+01  192000      50  0.5447864532470703E-03  0.2520084381103516E-02  0.2017021179199219E-03
upwind           1       6  0.1000000000000000E+01  192000      50  0.5600452423095703E-03  0.2522945404052734E-02  0.2913475036621094E-03
upwind           2       6  0.1000000000000000E+01  192000      50  0.5609989166259766E-03  0.2524137496948242E-02  0.2136230468750000E-03
upwind           3       6  0.1000000000000000E+01  192000      50  0.5609989166259766E-03  0.2525091171264648E-02  0.2224445343017578E-03
upwind           4       6  0.1000000000000000E+01  192000      50  0.5679130554199219E-03  0.2524137496948242E-02  0.4878044128417969E-03
upwind           5       6  0.1000000000000000E+01  192000      50  0.5719661712646484E-03  0.2522945404052734E-02  0.5047321319580078E-03
upwind           0       7  0.1000000000000000E+01  224000      50  0.6320476531982422E-03  0.2768993377685547E-02  0.5714893341064453E-03
upwind           1       7  0.1000000000000000E+01  224000      50  0.6339550018310547E-03  0.2788066864013672E-02  0.5135536193847656E-03
upwind           2       7  0.1000000000000000E+01  224000      50  0.6539821624755859E-03  0.2774953842163086E-02  0.5209445953369141E-03
upwind           3       7  0.1000000000000000E+01  224000      50  0.6439685821533203E-03  0.2779960632324219E-02  0.5242824554443359E-03
upwind           4       7  0.1000000000000000E+01  224000      50  0.6320476531982422E-03  0.2797126770019531E-02  0.3969669342041016E-03
upwind           5       7  0.1000000000000000E+01  224000      50  0.6310939788818359E-03  0.2799034118652344E-02  0.3728866577148438E-03
upwind           6       7  0.1000000000000000E+01  224000      50  0.6289482116699219E-03  0.2799034118652344E-02  0.3862380981445312E-03
upwind           0       8  0.1000000000000000E+01  256000      50  0.5700588226318359E-03  0.2810001373291016E-02  0.4920959472656250E-03
upwind           1       8  0.1000000000000000E+01  256000      50  0.5860328674316406E-03  0.2812862396240234E-02  0.3931522369384766E-03
upwind           2       8  0.1000000000000000E+01  256000      50  0.5831718444824219E-03  0.2813816070556641E-02  0.4103183746337891E-03
upwind           3       8  0.1000000000000000E+01  256000      50  0.5931854248046875E-03  0.2815008163452148E-02  0.5221366882324219E-03
upwind           4       8  0.1000000000000000E+01  256000      50  0.5941390991210938E-03  0.2817869186401367E-02  0.4475116729736328E-03
upwind           5       8  0.1000000000000000E+01  256000      50  0.5929470062255859E-03  0.2819061279296875E-02  0.4484653472900391E-03
upwind           6       8  0.1000000000000000E+01  256000      50  0.5869865417480469E-03  0.2816915512084961E-02  0.5457401275634766E-03
upwind           7       8  0.1000000000000000E+01  256000      50  0.5939006805419922E-03  0.2818107604980469E-02  0.5455017089843750E-03
upwind           0       9  0.1000000000000000E+01  288000      50  0.5640983581542969E-03  0.2704858779907227E-02  0.2989768981933594E-03
upwind           1       9  0.1000000000000000E+01  288000      50  0.5869865417480469E-03  0.2704858779907227E-02  0.3175735473632812E-03
upwind           2       9  0.1000000000000000E+01  288000      50  0.5850791931152344E-03  0.2707004547119141E-02  0.3073215484619141E-03
upwind           3       9  0.1000000000000000E+01  288000      50  0.5860328674316406E-03  0.2707958221435547E-02  0.3125667572021484E-03
upwind           4       9  0.1000000000000000E+01  288000      50  0.5860328674316406E-03  0.2708911895751953E-02  0.3178119659423828E-03
upwind           5       9  0.1000000000000000E+01  288000      50  0.5931854248046875E-03  0.2709865570068359E-02  0.3933906555175781E-03
upwind           6       9  0.1000000000000000E+01  288000      50  0.5941390991210938E-03  0.2707004547119141E-02  0.4718303680419922E-03
upwind           7       9  0.1000000000000000E+01  288000      50  0.5931854248046875E-03  0.2709865570068359E-02  0.3890991210937500E-03
upwind           8       9  0.1000000000000000E+01  288000      50  0.5941390991210938E-03  0.2707004547119141E-02  0.5006790161132812E-03
upwind           0      10  0.1000000000000000E+01  320000      50  0.5979537963867188E-03  0.2792835235595703E-02  0.4143714904785156E-03
upwind           1      10  0.1000000000000000E+01  320000      50  0.6260871887207031E-03  0.2794981002807617E-02  0.3876686096191406E-03
upwind           2      10  0.1000000000000000E+01  320000      50  0.6320476531982422E-03  0.2795934677124023E-02  0.4434585571289062E-03
upwind           3      10  0.1000000000000000E+01  320000      50  0.6260871887207031E-03  0.2799034118652344E-02  0.3890991210937500E-03
upwind           4      10  0.1000000000000000E+01  320000      50  0.6210803985595703E-03  0.2801895141601562E-02  0.4026889801025391E-03
upwind           5      10  0.1000000000000000E+01  320000      50  0.6170272827148438E-03  0.2785921096801758E-02  0.3643035888671875E-03
upwind           6      10  0.1000000000000000E+01  320000      50  0.6330013275146484E-03  0.2783775329589844E-02  0.4606246948242188E-03
upwind           7      10  0.1000000000000000E+01  320000      50  0.6339550018310547E-03  0.2782821655273438E-02  0.4739761352539062E-03
upwind           8      10  0.1000000000000000E+01  320000      50  0.6160736083984375E-03  0.2784967422485352E-02  0.4670619964599609E-03
upwind           9      10  0.1000000000000000E+01  320000      50  0.6301403045654297E-03  0.2786874771118164E-02  0.3957748413085938E-03
upwind           0      11  0.1000000000000000E+01  352000      50  0.5660057067871094E-03  0.2888917922973633E-02  0.4937648773193359E-03
upwind           1      11  0.1000000000000000E+01  352000      50  0.5981922149658203E-03  0.2894878387451172E-02  0.4947185516357422E-03
upwind           2      11  0.1000000000000000E+01  352000      50  0.5950927734375000E-03  0.2897024154663086E-02  0.5040168762207031E-03
upwind           3      11  0.1000000000000000E+01  352000      50  0.6000995635986328E-03  0.2902030944824219E-02  0.5114078521728516E-03
upwind           4      11  0.1000000000000000E+01  352000      50  0.5950927734375000E-03  0.2907037734985352E-02  0.4022121429443359E-03
upwind           5      11  0.1000000000000000E+01  352000      50  0.5991458892822266E-03  0.2910852432250977E-02  0.4456043243408203E-03
upwind           6      11  0.1000000000000000E+01  352000      50  0.5931854248046875E-03  0.2913951873779297E-02  0.6577968597412109E-03
upwind           7      11  0.1000000000000000E+01  352000      50  0.6051063537597656E-03  0.2918958663940430E-02  0.5517005920410156E-03
upwind           8      11  0.1000000000000000E+01  352000      50  0.6060600280761719E-03  0.2922058105468750E-02  0.6592273712158203E-03
upwind           9      11  0.1000000000000000E+01  352000      50  0.6051063537597656E-03  0.2929925918579102E-02  0.4041194915771484E-03
upwind          10      11  0.1000000000000000E+01  352000      50  0.6041526794433594E-03  0.2925872802734375E-02  0.5710124969482422E-03
upwind           0      12  0.1000000000000000E+01  384000      50  0.6029605865478516E-03  0.3050088882446289E-02  0.5552768707275391E-03
upwind           1      12  0.1000000000000000E+01  384000      50  0.6179809570312500E-03  0.3053903579711914E-02  0.5671977996826172E-03
upwind           2      12  0.1000000000000000E+01  384000      50  0.6260871887207031E-03  0.3056049346923828E-02  0.4384517669677734E-03
upwind           3      12  0.1000000000000000E+01  384000      50  0.6229877471923828E-03  0.3057003021240234E-02  0.4453659057617188E-03
upwind           4      12  0.1000000000000000E+01  384000      50  0.6260871887207031E-03  0.3053903579711914E-02  0.5688667297363281E-03
upwind           5      12  0.1000000000000000E+01  384000      50  0.6251335144042969E-03  0.3056049346923828E-02  0.5662441253662109E-03
upwind           6      12  0.1000000000000000E+01  384000      50  0.6279945373535156E-03  0.3055095672607422E-02  0.6177425384521484E-03
upwind           7      12  0.1000000000000000E+01  384000      50  0.6251335144042969E-03  0.3056049346923828E-02  0.6654262542724609E-03
upwind           8      12  0.1000000000000000E+01  384000      50  0.6260871887207031E-03  0.3056049346923828E-02  0.6215572357177734E-03
upwind           9      12  0.1000000000000000E+01  384000      50  0.6260871887207031E-03  0.3057003021240234E-02  0.6229877471923828E-03
upwind          10      12  0.1000000000000000E+01  384000      50  0.6260871887207031E-03  0.3057003021240234E-02  0.6284713745117188E-03
upwind          11      12  0.1000000000000000E+01  384000      50  0.6229877471923828E-03  0.3057003021240234E-02  0.6198883056640625E-03
upwind           0      13  0.1000000000000000E+01  416000      50  0.6480216979980469E-03  0.3036975860595703E-02  0.6012916564941406E-03
upwind           1      13  0.1000000000000000E+01  416000      50  0.6611347198486328E-03  0.3041028976440430E-02  0.5285739898681641E-03
upwind           2      13  0.1000000000000000E+01  416000      50  0.6659030914306641E-03  0.3042936325073242E-02  0.5264282226562500E-03
upwind           3      13  0.1000000000000000E+01  416000      50  0.6649494171142578E-03  0.3046989440917969E-02  0.5364418029785156E-03
upwind           4      13  0.1000000000000000E+01  416000      50  0.6599426269531250E-03  0.3059864044189453E-02  0.5631446838378906E-03
upwind           5      13  0.1000000000000000E+01  416000      50  0.6611347198486328E-03  0.3062963485717773E-02  0.5404949188232422E-03
upwind           6      13  0.1000000000000000E+01  416000      50  0.6599426269531250E-03  0.3066062927246094E-02  0.4460811614990234E-03
upwind           7      13  0.1000000000000000E+01  416000      50  0.6690025329589844E-03  0.3062963485717773E-02  0.6558895111083984E-03
upwind           8      13  0.1000000000000000E+01  416000      50  0.6680488586425781E-03  0.3062009811401367E-02  0.6656646728515625E-03
upwind           9      13  0.1000000000000000E+01  416000      50  0.6670951843261719E-03  0.3063917160034180E-02  0.6957054138183594E-03
upwind          10      13  0.1000000000000000E+01  416000      50  0.6690025329589844E-03  0.3063917160034180E-02  0.6647109985351562E-03
upwind          11      13  0.1000000000000000E+01  416000      50  0.6589889526367188E-03  0.3067970275878906E-02  0.5638599395751953E-03
upwind          12      13  0.1000000000000000E+01  416000      50  0.6611347198486328E-03  0.3065824508666992E-02  0.6606578826904297E-03
upwind           0      14  0.1000000000000000E+01  448000      50  0.6361007690429688E-03  0.3170967102050781E-02  0.6585121154785156E-03
upwind           1      14  0.1000000000000000E+01  448000      50  0.6320476531982422E-03  0.3176927566528320E-02  0.5457401275634766E-03
upwind           2      14  0.1000000000000000E+01  448000      50  0.6549358367919922E-03  0.3179073333740234E-02  0.6706714630126953E-03
upwind           3      14  0.1000000000000000E+01  448000      50  0.6370544433593750E-03  0.3185033798217773E-02  0.6747245788574219E-03
upwind           4      14  0.1000000000000000E+01  448000      50  0.6539821624755859E-03  0.3190040588378906E-02  0.4374980926513672E-03
upwind           5      14  0.1000000000000000E+01  448000      50  0.6389617919921875E-03  0.3187894821166992E-02  0.5550384521484375E-03
upwind           6      14  0.1000000000000000E+01  448000      50  0.6549358367919922E-03  0.3188133239746094E-02  0.5924701690673828E-03
upwind           7      14  0.1000000000000000E+01  448000      50  0.6330013275146484E-03  0.3187894821166992E-02  0.6146430969238281E-03
upwind           8      14  0.1000000000000000E+01  448000      50  0.6420612335205078E-03  0.3185033798217773E-02  0.7405281066894531E-03
upwind           9      14  0.1000000000000000E+01  448000      50  0.6349086761474609E-03  0.3189086914062500E-02  0.6551742553710938E-03
upwind          10      14  0.1000000000000000E+01  448000      50  0.6349086761474609E-03  0.3185987472534180E-02  0.7238388061523438E-03
upwind          11      14  0.1000000000000000E+01  448000      50  0.6370544433593750E-03  0.3186941146850586E-02  0.7259845733642578E-03
upwind          12      14  0.1000000000000000E+01  448000      50  0.6251335144042969E-03  0.3188848495483398E-02  0.7388591766357422E-03
upwind          13      14  0.1000000000000000E+01  448000      50  0.6411075592041016E-03  0.3187894821166992E-02  0.7028579711914062E-03
upwind           0      15  0.1000000000000000E+01  480000      50  0.6539821624755859E-03  0.3099918365478516E-02  0.5958080291748047E-03
upwind           1      15  0.1000000000000000E+01  480000      50  0.6749629974365234E-03  0.3105878829956055E-02  0.5815029144287109E-03
upwind           2      15  0.1000000000000000E+01  480000      50  0.6759166717529297E-03  0.3107070922851562E-02  0.5869865417480469E-03
upwind           3      15  0.1000000000000000E+01  480000      50  0.6711483001708984E-03  0.3112077713012695E-02  0.5817413330078125E-03
upwind           4      15  0.1000000000000000E+01  480000      50  0.6740093231201172E-03  0.3114938735961914E-02  0.6101131439208984E-03
upwind           5      15  0.1000000000000000E+01  480000      50  0.6721019744873047E-03  0.3118991851806641E-02  0.6699562072753906E-03
upwind           6      15  0.1000000000000000E+01  480000      50  0.6690025329589844E-03  0.3122091293334961E-02  0.6465911865234375E-03
upwind           7      15  0.1000000000000000E+01  480000      50  0.6711483001708984E-03  0.3126859664916992E-02  0.5941390991210938E-03
upwind           8      15  0.1000000000000000E+01  480000      50  0.6759166717529297E-03  0.3128051757812500E-02  0.6563663482666016E-03
upwind           9      15  0.1000000000000000E+01  480000      50  0.6768703460693359E-03  0.3134012222290039E-02  0.5459785461425781E-03
upwind          10      15  0.1000000000000000E+01  480000      50  0.6790161132812500E-03  0.3137111663818359E-02  0.4422664642333984E-03
upwind          11      15  0.1000000000000000E+01  480000      50  0.6709098815917969E-03  0.3133058547973633E-02  0.6639957427978516E-03
upwind          12      15  0.1000000000000000E+01  480000      50  0.6740093231201172E-03  0.3133058547973633E-02  0.6632804870605469E-03
upwind          13      15  0.1000000000000000E+01  480000      50  0.6799697875976562E-03  0.3135919570922852E-02  0.5853176116943359E-03
upwind          14      15  0.1000000000000000E+01  480000      50  0.6799697875976562E-03  0.3134965896606445E-02  0.6558895111083984E-03
upwind           0      16  0.1000000000000000E+01  512000      50  0.8239746093750000E-03  0.3041028976440430E-02  0.4928112030029297E-03
upwind           1      16  0.1000000000000000E+01  512000      50  0.8380413055419922E-03  0.3042936325073242E-02  0.5180835723876953E-03
upwind           2      16  0.1000000000000000E+01  512000      50  0.8399486541748047E-03  0.3048181533813477E-02  0.5156993865966797E-03
upwind           3      16  0.1000000000000000E+01  512000      50  0.8380413055419922E-03  0.3046989440917969E-02  0.5285739898681641E-03
upwind           4      16  0.1000000000000000E+01  512000      50  0.8368492126464844E-03  0.3053188323974609E-02  0.5326271057128906E-03
upwind           5      16  0.1000000000000000E+01  512000      50  0.8370876312255859E-03  0.3055810928344727E-02  0.5319118499755859E-03
upwind           6      16  0.1000000000000000E+01  512000      50  0.8368492126464844E-03  0.3061056137084961E-02  0.5114078521728516E-03
upwind           7      16  0.1000000000000000E+01  512000      50  0.8289813995361328E-03  0.3060817718505859E-02  0.5342960357666016E-03
upwind           8      16  0.1000000000000000E+01  512000      50  0.8299350738525391E-03  0.3064155578613281E-02  0.5362033843994141E-03
upwind           9      16  0.1000000000000000E+01  512000      50  0.8430480957031250E-03  0.3067016601562500E-02  0.5502700805664062E-03
upwind          10      16  0.1000000000000000E+01  512000      50  0.8330345153808594E-03  0.3072023391723633E-02  0.5636215209960938E-03
upwind          11      16  0.1000000000000000E+01  512000      50  0.8361339569091797E-03  0.3072977066040039E-02  0.5979537963867188E-03
upwind          12      16  0.1000000000000000E+01  512000      50  0.8368492126464844E-03  0.3077030181884766E-02  0.4377365112304688E-03
upwind          13      16  0.1000000000000000E+01  512000      50  0.8418560028076172E-03  0.3075122833251953E-02  0.5362033843994141E-03
upwind          14      16  0.1000000000000000E+01  512000      50  0.8299350738525391E-03  0.3077030181884766E-02  0.5424022674560547E-03
upwind          15      16  0.1000000000000000E+01  512000      50  0.8339881896972656E-03  0.3074884414672852E-02  0.5373954772949219E-03
upwind           0      17  0.1000000000000000E+01  544000      50  0.8900165557861328E-03  0.3392934799194336E-02  0.8659362792968750E-03
upwind           1      17  0.1000000000000000E+01  544000      50  0.9031295776367188E-03  0.3403902053833008E-02  0.6573200225830078E-03
upwind           2      17  0.1000000000000000E+01  544000      50  0.8950233459472656E-03  0.3407001495361328E-02  0.9183883666992188E-03
upwind           3      17  0.1000000000000000E+01  544000      50  0.9009838104248047E-03  0.3419160842895508E-02  0.9031295776367188E-03
upwind           4      17  0.1000000000000000E+01  544000      50  0.8950233459472656E-03  0.3425121307373047E-02  0.9343624114990234E-03
upwind           5      17  0.1000000000000000E+01  544000      50  0.9880065917968750E-03  0.3346920013427734E-02  0.8358955383300781E-03
upwind           6      17  0.1000000000000000E+01  544000      50  0.8950233459472656E-03  0.3443956375122070E-02  0.8387565612792969E-03
upwind           7      17  0.1000000000000000E+01  544000      50  0.9000301361083984E-03  0.3452062606811523E-02  0.9799003601074219E-03
upwind           8      17  0.1000000000000000E+01  544000      50  0.9100437164306641E-03  0.3457069396972656E-02  0.9853839874267578E-03
upwind           9      17  0.1000000000000000E+01  544000      50  0.8928775787353516E-03  0.3470182418823242E-02  0.9646415710449219E-03
upwind          10      17  0.1000000000000000E+01  544000      50  0.9059906005859375E-03  0.3478050231933594E-02  0.8420944213867188E-03
upwind          11      17  0.1000000000000000E+01  544000      50  0.8969306945800781E-03  0.3486156463623047E-02  0.8525848388671875E-03
upwind          12      17  0.1000000000000000E+01  544000      50  0.9109973907470703E-03  0.3489017486572266E-02  0.9777545928955078E-03
upwind          13      17  0.1000000000000000E+01  544000      50  0.8988380432128906E-03  0.3502130508422852E-02  0.9975433349609375E-03
upwind          14      17  0.1000000000000000E+01  544000      50  0.8990764617919922E-03  0.3509044647216797E-02  0.9946823120117188E-03
upwind          15      17  0.1000000000000000E+01  544000      50  0.9000301361083984E-03  0.3521919250488281E-02  0.1008272171020508E-02
upwind          16      17  0.1000000000000000E+01  544000      50  0.9741783142089844E-03  0.3521919250488281E-02  0.4653930664062500E-03
upwind           0      18  0.1000000000000000E+01  576000      50  0.7297992706298828E-03  0.3475189208984375E-02  0.9121894836425781E-03
upwind           1      18  0.1000000000000000E+01  576000      50  0.7238388061523438E-03  0.3486156463623047E-02  0.9737014770507812E-03
upwind           2      18  0.1000000000000000E+01  576000      50  0.7321834564208984E-03  0.3501892089843750E-02  0.9925365447998047E-03
upwind           3      18  0.1000000000000000E+01  576000      50  0.7309913635253906E-03  0.3514051437377930E-02  0.9927749633789062E-03
upwind           4      18  0.1000000000000000E+01  576000      50  0.7290840148925781E-03  0.3526926040649414E-02  0.1037836074829102E-02
upwind           5      18  0.1000000000000000E+01  576000      50  0.7219314575195312E-03  0.3539085388183594E-02  0.1023530960083008E-02
upwind           6      18  0.1000000000000000E+01  576000      50  0.7150173187255859E-03  0.3558158874511719E-02  0.9624958038330078E-03
upwind           7      18  0.1000000000000000E+01  576000      50  0.7309913635253906E-03  0.3568172454833984E-02  0.1089811325073242E-02
upwind           8      18  0.1000000000000000E+01  576000      50  0.7150173187255859E-03  0.3582000732421875E-02  0.1061677932739258E-02
upwind           9      18  0.1000000000000000E+01  576000      50  0.7350444793701172E-03  0.3593921661376953E-02  0.1124620437622070E-02
upwind          10      18  0.1000000000000000E+01  576000      50  0.7319450378417969E-03  0.3611087799072266E-02  0.1092195510864258E-02
upwind          11      18  0.1000000000000000E+01  576000      50  0.7238388061523438E-03  0.3621101379394531E-02  0.1140832901000977E-02
upwind          12      18  0.1000000000000000E+01  576000      50  0.7188320159912109E-03  0.3633022308349609E-02  0.1116752624511719E-02
upwind          13      18  0.1000000000000000E+01  576000      50  0.7328987121582031E-03  0.3646135330200195E-02  0.1144409179687500E-02
upwind          14      18  0.1000000000000000E+01  576000      50  0.7319450378417969E-03  0.3659009933471680E-02  0.1143693923950195E-02
upwind          15      18  0.1000000000000000E+01  576000      50  0.7259845733642578E-03  0.3670930862426758E-02  0.1027345657348633E-02
upwind          16      18  0.1000000000000000E+01  576000      50  0.1013994216918945E-02  0.3679037094116211E-02  0.9052753448486328E-03
upwind          17      18  0.1000000000000000E+01  576000      50  0.1001834869384766E-02  0.3682136535644531E-02  0.5319118499755859E-03
upwind           0      19  0.1000000000000000E+01  608000      50  0.7669925689697266E-03  0.3365039825439453E-02  0.8471012115478516E-03
upwind           1      19  0.1000000000000000E+01  608000      50  0.7860660552978516E-03  0.3378868103027344E-02  0.8606910705566406E-03
upwind           2      19  0.1000000000000000E+01  608000      50  0.7910728454589844E-03  0.3391027450561523E-02  0.8778572082519531E-03
upwind           3      19  0.1000000000000000E+01  608000      50  0.7791519165039062E-03  0.3402948379516602E-02  0.8988380432128906E-03
upwind           4      19  0.1000000000000000E+01  608000      50  0.1115083694458008E-02  0.3090858459472656E-02  0.4649162292480469E-03
upwind           5      19  0.1000000000000000E+01  608000      50  0.1091003417968750E-02  0.3100872039794922E-02  0.4708766937255859E-03
upwind           6      19  0.1000000000000000E+01  608000      50  0.7829666137695312E-03  0.3434896469116211E-02  0.7956027984619141E-03
upwind           7      19  0.1000000000000000E+01  608000      50  0.7901191711425781E-03  0.3443002700805664E-02  0.8397102355957031E-03
upwind           8      19  0.1000000000000000E+01  608000      50  0.7770061492919922E-03  0.3451108932495117E-02  0.8118152618408203E-03
upwind           9      19  0.1000000000000000E+01  608000      50  0.1108884811401367E-02  0.3137111663818359E-02  0.6201267242431641E-03
upwind          10      19  0.1000000000000000E+01  608000      50  0.7848739624023438E-03  0.3473997116088867E-02  0.7607936859130859E-03
upwind          11      19  0.1000000000000000E+01  608000      50  0.7817745208740234E-03  0.3485202789306641E-02  0.9727478027343750E-03
upwind          12      19  0.1000000000000000E+01  608000      50  0.7829666137695312E-03  0.3496885299682617E-02  0.8769035339355469E-03
upwind          13      19  0.1000000000000000E+01  608000      50  0.1100063323974609E-02  0.3183841705322266E-02  0.6957054138183594E-03
upwind          14      19  0.1000000000000000E+01  608000      50  0.7829666137695312E-03  0.3519058227539062E-02  0.1000881195068359E-02
upwind          15      19  0.1000000000000000E+01  608000      50  0.7829666137695312E-03  0.3532886505126953E-02  0.9083747863769531E-03
upwind          16      19  0.1000000000000000E+01  608000      50  0.7619857788085938E-03  0.3541946411132812E-02  0.1316308975219727E-02
upwind          17      19  0.1000000000000000E+01  608000      50  0.1084089279174805E-02  0.3237962722778320E-02  0.9124279022216797E-03
upwind          18      19  0.1000000000000000E+01  608000      50  0.7619857788085938E-03  0.3568887710571289E-02  0.4518032073974609E-03
upwind           0      20  0.1000000000000000E+01  640000      50  0.9100437164306641E-03  0.3322839736938477E-02  0.6904602050781250E-03
upwind           1      20  0.1000000000000000E+01  640000      50  0.9198188781738281E-03  0.3332138061523438E-02  0.8113384246826172E-03
upwind           2      20  0.1000000000000000E+01  640000      50  0.9169578552246094E-03  0.3341913223266602E-02  0.7376670837402344E-03
upwind           3      20  0.1000000000000000E+01  640000      50  0.9307861328125000E-03  0.3375053405761719E-02  0.7834434509277344E-03
upwind           4      20  0.1000000000000000E+01  640000      50  0.9219646453857422E-03  0.3374814987182617E-02  0.8664131164550781E-03
upwind           5      20  0.1000000000000000E+01  640000      50  0.9248256683349609E-03  0.3383159637451172E-02  0.8795261383056641E-03
upwind           6      20  0.1000000000000000E+01  640000      50  0.9269714355468750E-03  0.3391027450561523E-02  0.8728504180908203E-03
upwind           7      20  0.1000000000000000E+01  640000      50  0.9319782257080078E-03  0.3400087356567383E-02  0.8838176727294922E-03
upwind           8      20  0.1000000000000000E+01  640000      50  0.9059906005859375E-03  0.3405809402465820E-02  0.8754730224609375E-03
upwind           9      20  0.1000000000000000E+01  640000      50  0.9300708770751953E-03  0.3412961959838867E-02  0.8931159973144531E-03
upwind          10      20  0.1000000000000000E+01  640000      50  0.9310245513916016E-03  0.3416061401367188E-02  0.7708072662353516E-03
upwind          11      20  0.1000000000000000E+01  640000      50  0.9350776672363281E-03  0.3421068191528320E-02  0.8976459503173828E-03
upwind          12      20  0.1000000000000000E+01  640000      50  0.9169578552246094E-03  0.3430128097534180E-02  0.9219646453857422E-03
upwind          13      20  0.1000000000000000E+01  640000      50  0.9157657623291016E-03  0.3438234329223633E-02  0.6835460662841797E-03
upwind          14      20  0.1000000000000000E+01  640000      50  0.9329319000244141E-03  0.3440141677856445E-02  0.7991790771484375E-03
upwind          15      20  0.1000000000000000E+01  640000      50  0.9269714355468750E-03  0.3446102142333984E-02  0.7922649383544922E-03
upwind          16      20  0.1000000000000000E+01  640000      50  0.1091003417968750E-02  0.3450155258178711E-02  0.1211166381835938E-02
upwind          17      20  0.1000000000000000E+01  640000      50  0.1091003417968750E-02  0.3463029861450195E-02  0.1199007034301758E-02
upwind          18      20  0.1000000000000000E+01  640000      50  0.1072168350219727E-02  0.3468036651611328E-02  0.5145072937011719E-03
upwind          19      20  0.1000000000000000E+01  640000      50  0.1086235046386719E-02  0.3468990325927734E-02  0.5183219909667969E-03
upwind           0      21  0.1000000000000000E+01  672000      50  0.8969306945800781E-03  0.3302097320556641E-02  0.7803440093994141E-03
upwind           1      21  0.1000000000000000E+01  672000      50  0.9300708770751953E-03  0.3312826156616211E-02  0.6773471832275391E-03
upwind           2      21  0.1000000000000000E+01  672000      50  0.9150505065917969E-03  0.3319025039672852E-02  0.6673336029052734E-03
upwind           3      21  0.1000000000000000E+01  672000      50  0.9300708770751953E-03  0.3327846527099609E-02  0.6840229034423828E-03
upwind           4      21  0.1000000000000000E+01  672000      50  0.9310245513916016E-03  0.3333091735839844E-02  0.5826950073242188E-03
upwind           5      21  0.1000000000000000E+01  672000      50  0.9310245513916016E-03  0.3336906433105469E-02  0.7047653198242188E-03
upwind           6      21  0.1000000000000000E+01  672000      50  0.9119510650634766E-03  0.3343105316162109E-02  0.8108615875244141E-03
upwind           7      21  0.1000000000000000E+01  672000      50  0.9319782257080078E-03  0.3355026245117188E-02  0.7019042968750000E-03
upwind           8      21  0.1000000000000000E+01  672000      50  0.9248256683349609E-03  0.3360033035278320E-02  0.8614063262939453E-03
upwind           9      21  0.1000000000000000E+01  672000      50  0.9188652038574219E-03  0.3389120101928711E-02  0.9222030639648438E-03
upwind          10      21  0.1000000000000000E+01  672000      50  0.9279251098632812E-03  0.3395080566406250E-02  0.8788108825683594E-03
upwind          11      21  0.1000000000000000E+01  672000      50  0.9088516235351562E-03  0.3404140472412109E-02  0.7803440093994141E-03
upwind          12      21  0.1000000000000000E+01  672000      50  0.9250640869140625E-03  0.3410100936889648E-02  0.7824897766113281E-03
upwind          13      21  0.1000000000000000E+01  672000      50  0.9260177612304688E-03  0.3417015075683594E-02  0.7839202880859375E-03
upwind          14      21  0.1000000000000000E+01  672000      50  0.9081363677978516E-03  0.3423929214477539E-02  0.9136199951171875E-03
upwind          15      21  0.1000000000000000E+01  672000      50  0.9179115295410156E-03  0.3436088562011719E-02  0.9648799896240234E-03
upwind          16      21  0.1000000000000000E+01  672000      50  0.1150131225585938E-02  0.3439903259277344E-02  0.7481575012207031E-03
upwind          17      21  0.1000000000000000E+01  672000      50  0.1137018203735352E-02  0.3444910049438477E-02  0.6651878356933594E-03
upwind          18      21  0.1000000000000000E+01  672000      50  0.1151084899902344E-02  0.3447055816650391E-02  0.5657672882080078E-03
upwind          19      21  0.1000000000000000E+01  672000      50  0.1125097274780273E-02  0.3444910049438477E-02  0.5123615264892578E-03
upwind          20      21  0.1000000000000000E+01  672000      50  0.1144170761108398E-02  0.3445863723754883E-02  0.4560947418212891E-03
upwind           0      22  0.1000000000000000E+01  704000      50  0.7190704345703125E-03  0.3112792968750000E-02  0.6313323974609375E-03
upwind           1      22  0.1000000000000000E+01  704000      50  0.7381439208984375E-03  0.3116846084594727E-02  0.5993843078613281E-03
upwind           2      22  0.1000000000000000E+01  704000      50  0.7390975952148438E-03  0.3118991851806641E-02  0.5998611450195312E-03
upwind           3      22  0.1000000000000000E+01  704000      50  0.7381439208984375E-03  0.3123998641967773E-02  0.6101131439208984E-03
upwind           4      22  0.1000000000000000E+01  704000      50  0.1126050949096680E-02  0.2739906311035156E-02  0.1204013824462891E-03
upwind           5      22  0.1000000000000000E+01  704000      50  0.1125097274780273E-02  0.2743005752563477E-02  0.2827644348144531E-03
upwind           6      22  0.1000000000000000E+01  704000      50  0.7350444793701172E-03  0.3132104873657227E-02  0.5009174346923828E-03
upwind           7      22  0.1000000000000000E+01  704000      50  0.7390975952148438E-03  0.3134965896606445E-02  0.6163120269775391E-03
upwind           8      22  0.1000000000000000E+01  704000      50  0.7309913635253906E-03  0.3137111663818359E-02  0.4959106445312500E-03
upwind           9      22  0.1000000000000000E+01  704000      50  0.7359981536865234E-03  0.3139019012451172E-02  0.6039142608642578E-03
upwind          10      22  0.1000000000000000E+01  704000      50  0.7388591766357422E-03  0.3139972686767578E-02  0.6189346313476562E-03
upwind          11      22  0.1000000000000000E+01  704000      50  0.7441043853759766E-03  0.3144979476928711E-02  0.6208419799804688E-03
upwind          12      22  0.1000000000000000E+01  704000      50  0.7441043853759766E-03  0.3149032592773438E-02  0.6310939788818359E-03
upwind          13      22  0.1000000000000000E+01  704000      50  0.7350444793701172E-03  0.3153085708618164E-02  0.6320476531982422E-03
upwind          14      22  0.1000000000000000E+01  704000      50  0.7309913635253906E-03  0.3159999847412109E-02  0.6444454193115234E-03
upwind          15      22  0.1000000000000000E+01  704000      50  0.7421970367431641E-03  0.3162860870361328E-02  0.5252361297607422E-03
upwind          16      22  0.1000000000000000E+01  704000      50  0.7519721984863281E-03  0.3160953521728516E-02  0.7755756378173828E-03
upwind          17      22  0.1000000000000000E+01  704000      50  0.7491111755371094E-03  0.3160953521728516E-02  0.7977485656738281E-03
upwind          18      22  0.1000000000000000E+01  704000      50  0.7529258728027344E-03  0.3159999847412109E-02  0.7548332214355469E-03
upwind          19      22  0.1000000000000000E+01  704000      50  0.7538795471191406E-03  0.3162145614624023E-02  0.6453990936279297E-03
upwind          20      22  0.1000000000000000E+01  704000      50  0.7607936859130859E-03  0.3157138824462891E-02  0.9496212005615234E-03
upwind          21      22  0.1000000000000000E+01  704000      50  0.7598400115966797E-03  0.3157138824462891E-02  0.9891986846923828E-03
upwind           0      23  0.1000000000000000E+01  736000      50  0.7088184356689453E-03  0.3633975982666016E-02  0.1012802124023438E-02
upwind           1      23  0.1000000000000000E+01  736000      50  0.7250308990478516E-03  0.3642082214355469E-02  0.1133203506469727E-02
upwind           2      23  0.1000000000000000E+01  736000      50  0.7262229919433594E-03  0.3651857376098633E-02  0.1191854476928711E-02
upwind           3      23  0.1000000000000000E+01  736000      50  0.7209777832031250E-03  0.3664016723632812E-02  0.1151323318481445E-02
upwind           4      23  0.1000000000000000E+01  736000      50  0.7250308990478516E-03  0.3671884536743164E-02  0.1171827316284180E-02
upwind           5      23  0.1000000000000000E+01  736000      50  0.7250308990478516E-03  0.3681898117065430E-02  0.6861686706542969E-03
upwind           6      23  0.1000000000000000E+01  736000      50  0.7250308990478516E-03  0.3671884536743164E-02  0.1200675964355469E-02
upwind           7      23  0.1000000000000000E+01  736000      50  0.7240772247314453E-03  0.3674983978271484E-02  0.1154899597167969E-02
upwind           8      23  0.1000000000000000E+01  736000      50  0.7250308990478516E-03  0.3674983978271484E-02  0.1142978668212891E-02
upwind           9      23  0.1000000000000000E+01  736000      50  0.7262229919433594E-03  0.3675937652587891E-02  0.1152992248535156E-02
upwind          10      23  0.1000000000000000E+01  736000      50  0.7271766662597656E-03  0.3674983978271484E-02  0.1147508621215820E-02
upwind          11      23  0.1000000000000000E+01  736000      50  0.7259845733642578E-03  0.3679990768432617E-02  0.9145736694335938E-03
upwind          12      23  0.1000000000000000E+01  736000      50  0.7271766662597656E-03  0.3675937652587891E-02  0.1147985458374023E-02
upwind          13      23  0.1000000000000000E+01  736000      50  0.7212162017822266E-03  0.3676891326904297E-02  0.1148462295532227E-02
upwind          14      23  0.1000000000000000E+01  736000      50  0.7250308990478516E-03  0.3679037094116211E-02  0.1166343688964844E-02
upwind          15      23  0.1000000000000000E+01  736000      50  0.7200241088867188E-03  0.3679037094116211E-02  0.1160144805908203E-02
upwind          16      23  0.1000000000000000E+01  736000      50  0.6690025329589844E-03  0.3679037094116211E-02  0.1267433166503906E-02
upwind          17      23  0.1000000000000000E+01  736000      50  0.6799697875976562E-03  0.3678083419799805E-02  0.1280307769775391E-02
upwind          18      23  0.1000000000000000E+01  736000      50  0.6799697875976562E-03  0.3678083419799805E-02  0.1293420791625977E-02
upwind          19      23  0.1000000000000000E+01  736000      50  0.6799697875976562E-03  0.3687858581542969E-02  0.1279592514038086E-02
upwind          20      23  0.1000000000000000E+01  736000      50  0.6999969482421875E-03  0.3690004348754883E-02  0.1132488250732422E-02
upwind          21      23  0.1000000000000000E+01  736000      50  0.6990432739257812E-03  0.3689050674438477E-02  0.1194477081298828E-02
upwind          22      23  0.1000000000000000E+01  736000      50  0.6990432739257812E-03  0.3689050674438477E-02  0.1307487487792969E-02
upwind           0      24  0.1000000000000000E+01  768000      50  0.7781982421875000E-03  0.3253936767578125E-02  0.7908344268798828E-03
upwind           1      24  0.1000000000000000E+01  768000      50  0.7820129394531250E-03  0.3259181976318359E-02  0.7374286651611328E-03
upwind           2      24  0.1000000000000000E+01  768000      50  0.7979869842529297E-03  0.3260850906372070E-02  0.7343292236328125E-03
upwind           3      24  0.1000000000000000E+01  768000      50  0.7967948913574219E-03  0.3266096115112305E-02  0.7467269897460938E-03
upwind           4      24  0.1000000000000000E+01  768000      50  0.7951259613037109E-03  0.3266811370849609E-02  0.7553100585937500E-03
upwind           5      24  0.1000000000000000E+01  768000      50  0.7939338684082031E-03  0.3272056579589844E-02  0.7536411285400391E-03
upwind           6      24  0.1000000000000000E+01  768000      50  0.7939338684082031E-03  0.3273010253906250E-02  0.7557868957519531E-03
upwind           7      24  0.1000000000000000E+01  768000      50  0.7979869842529297E-03  0.3278017044067383E-02  0.6396770477294922E-03
upwind           8      24  0.1000000000000000E+01  768000      50  0.7810592651367188E-03  0.3275871276855469E-02  0.7643699645996094E-03
upwind           9      24  0.1000000000000000E+01  768000      50  0.7879734039306641E-03  0.3277063369750977E-02  0.7474422454833984E-03
upwind          10      24  0.1000000000000000E+01  768000      50  0.7929801940917969E-03  0.3276824951171875E-02  0.7588863372802734E-03
upwind          11      24  0.1000000000000000E+01  768000      50  0.7870197296142578E-03  0.3278017044067383E-02  0.7524490356445312E-03
upwind          12      24  0.1000000000000000E+01  768000      50  0.7820129394531250E-03  0.3281116485595703E-02  0.6537437438964844E-03
upwind          13      24  0.1000000000000000E+01  768000      50  0.7929801940917969E-03  0.3279209136962891E-02  0.7824897766113281E-03
upwind          14      24  0.1000000000000000E+01  768000      50  0.7970333099365234E-03  0.3278017044067383E-02  0.7534027099609375E-03
upwind          15      24  0.1000000000000000E+01  768000      50  0.7848739624023438E-03  0.3280162811279297E-02  0.7624626159667969E-03
upwind          16      24  0.1000000000000000E+01  768000      50  0.7381439208984375E-03  0.3280878067016602E-02  0.7886886596679688E-03
upwind          17      24  0.1000000000000000E+01  768000      50  0.7381439208984375E-03  0.3279924392700195E-02  0.8533000946044922E-03
upwind          18      24  0.1000000000000000E+01  768000      50  0.7181167602539062E-03  0.3279924392700195E-02  0.8823871612548828E-03
upwind          19      24  0.1000000000000000E+01  768000      50  0.7390975952148438E-03  0.3281116485595703E-02  0.8099079132080078E-03
upwind          20      24  0.1000000000000000E+01  768000      50  0.7460117340087891E-03  0.3282070159912109E-02  0.8645057678222656E-03
upwind          21      24  0.1000000000000000E+01  768000      50  0.7469654083251953E-03  0.3281116485595703E-02  0.8711814880371094E-03
upwind          22      24  0.1000000000000000E+01  768000      50  0.7450580596923828E-03  0.3283023834228516E-02  0.8785724639892578E-03
upwind          23      24  0.1000000000000000E+01  768000      50  0.7460117340087891E-03  0.3283023834228516E-02  0.8714199066162109E-03
upwind           0      25  0.1000000000000000E+01  800000      50  0.7948875427246094E-03  0.3117084503173828E-02  0.3523826599121094E-03
upwind           1      25  0.1000000000000000E+01  800000      50  0.8139610290527344E-03  0.3113031387329102E-02  0.6020069122314453E-03
upwind           2      25  0.1000000000000000E+01  800000      50  0.8149147033691406E-03  0.3113031387329102E-02  0.6251335144042969E-03
upwind           3      25  0.1000000000000000E+01  800000      50  0.8139610290527344E-03  0.3113985061645508E-02  0.5865097045898438E-03
upwind           4      25  0.1000000000000000E+01  800000      50  0.8070468902587891E-03  0.3116130828857422E-02  0.4742145538330078E-03
upwind           5      25  0.1000000000000000E+01  800000      50  0.8060932159423828E-03  0.3114938735961914E-02  0.6015300750732422E-03
upwind           6      25  0.1000000000000000E+01  800000      50  0.8130073547363281E-03  0.3114938735961914E-02  0.5867481231689453E-03
upwind           7      25  0.1000000000000000E+01  800000      50  0.8111000061035156E-03  0.3115892410278320E-02  0.6544589996337891E-03
upwind           8      25  0.1000000000000000E+01  800000      50  0.8139610290527344E-03  0.3113985061645508E-02  0.6000995635986328E-03
upwind           9      25  0.1000000000000000E+01  800000      50  0.8149147033691406E-03  0.3116130828857422E-02  0.5919933319091797E-03
upwind          10      25  0.1000000000000000E+01  800000      50  0.8139610290527344E-03  0.3129959106445312E-02  0.6675720214843750E-03
upwind          11      25  0.1000000000000000E+01  800000      50  0.8149147033691406E-03  0.3133058547973633E-02  0.6082057952880859E-03
upwind          12      25  0.1000000000000000E+01  800000      50  0.8158683776855469E-03  0.3135919570922852E-02  0.5700588226318359E-03
upwind          13      25  0.1000000000000000E+01  800000      50  0.8070468902587891E-03  0.3139972686767578E-02  0.6606578826904297E-03
upwind          14      25  0.1000000000000000E+01  800000      50  0.8120536804199219E-03  0.3145933151245117E-02  0.5006790161132812E-03
upwind          15      25  0.1000000000000000E+01  800000      50  0.8080005645751953E-03  0.3149032592773438E-02  0.6268024444580078E-03
upwind          16      25  0.1000000000000000E+01  800000      50  0.7019042968750000E-03  0.3154039382934570E-02  0.7190704345703125E-03
upwind          17      25  0.1000000000000000E+01  800000      50  0.7009506225585938E-03  0.3162145614624023E-02  0.6053447723388672E-03
upwind          18      25  0.1000000000000000E+01  800000      50  0.6980895996093750E-03  0.3166913986206055E-02  0.7355213165283203E-03
upwind          19      25  0.1000000000000000E+01  800000      50  0.7009506225585938E-03  0.3175020217895508E-02  0.6170272827148438E-03
upwind          20      25  0.1000000000000000E+01  800000      50  0.6959438323974609E-03  0.3180027008056641E-02  0.7412433624267578E-03
upwind          21      25  0.1000000000000000E+01  800000      50  0.7100105285644531E-03  0.3182172775268555E-02  0.4534721374511719E-03
upwind          22      25  0.1000000000000000E+01  800000      50  0.7081031799316406E-03  0.3184080123901367E-02  0.4796981811523438E-03
upwind          23      25  0.1000000000000000E+01  800000      50  0.7100105285644531E-03  0.3183126449584961E-02  0.4589557647705078E-03
upwind          24      25  0.1000000000000000E+01  800000      50  0.7090568542480469E-03  0.3185033798217773E-02  0.4489421844482422E-03
upwind           0      26  0.1000000000000000E+01  832000      50  0.1014232635498047E-02  0.3072977066040039E-02  0.5576610565185547E-03
upwind           1      26  0.1000000000000000E+01  832000      50  0.8218288421630859E-03  0.3280162811279297E-02  0.7498264312744141E-03
upwind           2      26  0.1000000000000000E+01  832000      50  0.8180141448974609E-03  0.3284931182861328E-02  0.7855892181396484E-03
upwind           3      26  0.1000000000000000E+01  832000      50  0.8270740509033203E-03  0.3295898437500000E-02  0.7731914520263672E-03
upwind           4      26  0.1000000000000000E+01  832000      50  0.8251667022705078E-03  0.3302812576293945E-02  0.7834434509277344E-03
upwind           5      26  0.1000000000000000E+01  832000      50  0.8270740509033203E-03  0.3312826156616211E-02  0.7958412170410156E-03
upwind           6      26  0.1000000000000000E+01  832000      50  0.8280277252197266E-03  0.3316879272460938E-02  0.7901191711425781E-03
upwind           7      26  0.1000000000000000E+01  832000      50  0.8261203765869141E-03  0.3324031829833984E-02  0.8523464202880859E-03
upwind           8      26  0.1000000000000000E+01  832000      50  0.8230209350585938E-03  0.3331899642944336E-02  0.8039474487304688E-03
upwind           9      26  0.1000000000000000E+01  832000      50  0.8249282836914062E-03  0.3341197967529297E-02  0.8199214935302734E-03
upwind          10      26  0.1000000000000000E+01  832000      50  0.8311271667480469E-03  0.3347873687744141E-02  0.8316040039062500E-03
upwind          11      26  0.1000000000000000E+01  832000      50  0.8201599121093750E-03  0.3356933593750000E-02  0.8416175842285156E-03
upwind          12      26  0.1000000000000000E+01  832000      50  0.8301734924316406E-03  0.3364801406860352E-02  0.8566379547119141E-03
upwind          13      26  0.1000000000000000E+01  832000      50  0.8289813995361328E-03  0.3373146057128906E-02  0.7343292236328125E-03
upwind          14      26  0.1000000000000000E+01  832000      50  0.8311271667480469E-03  0.3377914428710938E-02  0.8733272552490234E-03
upwind          15      26  0.1000000000000000E+01  832000      50  0.8280277252197266E-03  0.3386020660400391E-02  0.7531642913818359E-03
upwind          16      26  0.1000000000000000E+01  832000      50  0.7050037384033203E-03  0.3390073776245117E-02  0.7936954498291016E-03
upwind          17      26  0.1000000000000000E+01  832000      50  0.7040500640869141E-03  0.3397941589355469E-02  0.7998943328857422E-03
upwind          18      26  0.1000000000000000E+01  832000      50  0.7059574127197266E-03  0.3401994705200195E-02  0.8330345153808594E-03
upwind          19      26  0.1000000000000000E+01  832000      50  0.7050037384033203E-03  0.3409862518310547E-02  0.6916522979736328E-03
upwind          20      26  0.1000000000000000E+01  832000      50  0.7040500640869141E-03  0.3430843353271484E-02  0.8342266082763672E-03
upwind          21      26  0.1000000000000000E+01  832000      50  0.7190704345703125E-03  0.3432035446166992E-02  0.6272792816162109E-03
upwind          22      26  0.1000000000000000E+01  832000      50  0.7181167602539062E-03  0.3435850143432617E-02  0.5481243133544922E-03
upwind          23      26  0.1000000000000000E+01  832000      50  0.7190704345703125E-03  0.3432989120483398E-02  0.6380081176757812E-03
upwind          24      26  0.1000000000000000E+01  832000      50  0.7181167602539062E-03  0.3434896469116211E-02  0.6148815155029297E-03
upwind          25      26  0.1000000000000000E+01  832000      50  0.7190704345703125E-03  0.3433942794799805E-02  0.6830692291259766E-03
upwind           0      27  0.1000000000000000E+01  864000      50  0.1150131225585938E-02  0.3253936767578125E-02  0.7500648498535156E-03
upwind           1      27  0.1000000000000000E+01  864000      50  0.1173019409179688E-02  0.3259897232055664E-02  0.7352828979492188E-03
upwind           2      27  0.1000000000000000E+01  864000      50  0.1150131225585938E-02  0.3263950347900391E-02  0.7352828979492188E-03
upwind           3      27  0.1000000000000000E+01  864000      50  0.1165151596069336E-02  0.3269910812377930E-02  0.5071163177490234E-03
upwind           4      27  0.1000000000000000E+01  864000      50  0.1173973083496094E-02  0.3268957138061523E-02  0.6189346313476562E-03
upwind           5      27  0.1000000000000000E+01  864000      50  0.1168012619018555E-02  0.3271818161010742E-02  0.5040168762207031E-03
upwind           6      27  0.1000000000000000E+01  864000      50  0.1171112060546875E-02  0.3266811370849609E-02  0.7441043853759766E-03
upwind           7      27  0.1000000000000000E+01  864000      50  0.1169204711914062E-02  0.3269910812377930E-02  0.7889270782470703E-03
upwind           8      27  0.1000000000000000E+01  864000      50  0.1162052154541016E-02  0.3268957138061523E-02  0.7400512695312500E-03
upwind           9      27  0.1000000000000000E+01  864000      50  0.1152038574218750E-02  0.3269910812377930E-02  0.7445812225341797E-03
upwind          10      27  0.1000000000000000E+01  864000      50  0.1168012619018555E-02  0.3268003463745117E-02  0.7324218750000000E-03
upwind          11      27  0.1000000000000000E+01  864000      50  0.1157045364379883E-02  0.3270864486694336E-02  0.7350444793701172E-03
upwind          12      27  0.1000000000000000E+01  864000      50  0.1168012619018555E-02  0.3268003463745117E-02  0.7488727569580078E-03
upwind          13      27  0.1000000000000000E+01  864000      50  0.1168012619018555E-02  0.3269910812377930E-02  0.7519721984863281E-03
upwind          14      27  0.1000000000000000E+01  864000      50  0.1151084899902344E-02  0.3269910812377930E-02  0.7650852203369141E-03
upwind          15      27  0.1000000000000000E+01  864000      50  0.1167058944702148E-02  0.3271818161010742E-02  0.7400512695312500E-03
upwind          16      27  0.1000000000000000E+01  864000      50  0.1213073730468750E-02  0.3268957138061523E-02  0.7593631744384766E-03
upwind          17      27  0.1000000000000000E+01  864000      50  0.1212120056152344E-02  0.3269910812377930E-02  0.7710456848144531E-03
upwind          18      27  0.1000000000000000E+01  864000      50  0.1211881637573242E-02  0.3270149230957031E-02  0.6418228149414062E-03
upwind          19      27  0.1000000000000000E+01  864000      50  0.1213073730468750E-02  0.3268957138061523E-02  0.7576942443847656E-03
upwind          20      27  0.1000000000000000E+01  864000      50  0.1213073730468750E-02  0.3268957138061523E-02  0.8153915405273438E-03
upwind          21      27  0.1000000000000000E+01  864000      50  0.1212120056152344E-02  0.3270864486694336E-02  0.7598400115966797E-03
upwind          22      27  0.1000000000000000E+01  864000      50  0.1222133636474609E-02  0.3268957138061523E-02  0.1046657562255859E-02
upwind          23      27  0.1000000000000000E+01  864000      50  0.1228094100952148E-02  0.3268957138061523E-02  0.1007556915283203E-02
upwind          24      27  0.1000000000000000E+01  864000      50  0.1226902008056641E-02  0.3272056579589844E-02  0.9136199951171875E-03
upwind          25      27  0.1000000000000000E+01  864000      50  0.1227855682373047E-02  0.3268957138061523E-02  0.1021146774291992E-02
upwind          26      27  0.1000000000000000E+01  864000      50  0.1229047775268555E-02  0.3268957138061523E-02  0.1017332077026367E-02
upwind           0      28  0.1000000000000000E+01  896000      50  0.7479190826416016E-03  0.3330945968627930E-02  0.8571147918701172E-03
upwind           1      28  0.1000000000000000E+01  896000      50  0.7660388946533203E-03  0.3334999084472656E-02  0.8158683776855469E-03
upwind           2      28  0.1000000000000000E+01  896000      50  0.7669925689697266E-03  0.3336906433105469E-02  0.8080005645751953E-03
upwind           3      28  0.1000000000000000E+01  896000      50  0.7660388946533203E-03  0.3340959548950195E-02  0.6992816925048828E-03
upwind           4      28  0.1000000000000000E+01  896000      50  0.7669925689697266E-03  0.3340959548950195E-02  0.8316040039062500E-03
upwind           5      28  0.1000000000000000E+01  896000      50  0.7610321044921875E-03  0.3345966339111328E-02  0.7121562957763672E-03
upwind           6      28  0.1000000000000000E+01  896000      50  0.7619857788085938E-03  0.3345966339111328E-02  0.8254051208496094E-03
upwind           7      28  0.1000000000000000E+01  896000      50  0.7660388946533203E-03  0.3350019454956055E-02  0.8285045623779297E-03
upwind           8      28  0.1000000000000000E+01  896000      50  0.7669925689697266E-03  0.3352880477905273E-02  0.7200241088867188E-03
upwind           9      28  0.1000000000000000E+01  896000      50  0.7660388946533203E-03  0.3350019454956055E-02  0.8809566497802734E-03
upwind          10      28  0.1000000000000000E+01  896000      50  0.7650852203369141E-03  0.3350973129272461E-02  0.8394718170166016E-03
upwind          11      28  0.1000000000000000E+01  896000      50  0.7650852203369141E-03  0.3351926803588867E-02  0.8258819580078125E-03
upwind          12      28  0.1000000000000000E+01  896000      50  0.7669925689697266E-03  0.3351926803588867E-02  0.8425712585449219E-03
upwind          13      28  0.1000000000000000E+01  896000      50  0.7669925689697266E-03  0.3352880477905273E-02  0.8430480957031250E-03
upwind          14      28  0.1000000000000000E+01  896000      50  0.7688999176025391E-03  0.3350973129272461E-02  0.8320808410644531E-03
upwind          15      28  0.1000000000000000E+01  896000      50  0.7679462432861328E-03  0.3354072570800781E-02  0.8363723754882812E-03
upwind          16      28  0.1000000000000000E+01  896000      50  0.7579326629638672E-03  0.3354072570800781E-02  0.8709430694580078E-03
upwind          17      28  0.1000000000000000E+01  896000      50  0.7560253143310547E-03  0.3354072570800781E-02  0.9171962738037109E-03
upwind          18      28  0.1000000000000000E+01  896000      50  0.7588863372802734E-03  0.3352165222167969E-02  0.9231567382812500E-03
upwind          19      28  0.1000000000000000E+01  896000      50  0.7579326629638672E-03  0.3354072570800781E-02  0.9307861328125000E-03
upwind          20      28  0.1000000000000000E+01  896000      50  0.7579326629638672E-03  0.3354072570800781E-02  0.9315013885498047E-03
upwind          21      28  0.1000000000000000E+01  896000      50  0.7579326629638672E-03  0.3355026245117188E-02  0.9241104125976562E-03
upwind          22      28  0.1000000000000000E+01  896000      50  0.7688999176025391E-03  0.3354072570800781E-02  0.9882450103759766E-03
upwind          23      28  0.1000000000000000E+01  896000      50  0.7660388946533203E-03  0.3355026245117188E-02  0.1001596450805664E-02
upwind          24      28  0.1000000000000000E+01  896000      50  0.7669925689697266E-03  0.3355979919433594E-02  0.9994506835937500E-03
upwind          25      28  0.1000000000000000E+01  896000      50  0.7669925689697266E-03  0.3359079360961914E-02  0.8800029754638672E-03
upwind          26      28  0.1000000000000000E+01  896000      50  0.7669925689697266E-03  0.3356933593750000E-02  0.1008510589599609E-02
upwind          27      28  0.1000000000000000E+01  896000      50  0.7650852203369141E-03  0.3356933593750000E-02  0.9934902191162109E-03
upwind           0      29  0.1000000000000000E+01  928000      50  0.1165151596069336E-02  0.2882003784179688E-02  0.2422332763671875E-03
upwind           1      29  0.1000000000000000E+01  928000      50  0.9069442749023438E-03  0.3154039382934570E-02  0.6184577941894531E-03
upwind           2      29  0.1000000000000000E+01  928000      50  0.9078979492187500E-03  0.3155946731567383E-02  0.5095005035400391E-03
upwind           3      29  0.1000000000000000E+01  928000      50  0.9069442749023438E-03  0.3157854080200195E-02  0.6270408630371094E-03
upwind           4      29  0.1000000000000000E+01  928000      50  0.9019374847412109E-03  0.3159999847412109E-02  0.6201267242431641E-03
upwind           5      29  0.1000000000000000E+01  928000      50  0.8990764617919922E-03  0.3165006637573242E-02  0.6542205810546875E-03
upwind           6      29  0.1000000000000000E+01  928000      50  0.9019374847412109E-03  0.3168106079101562E-02  0.6382465362548828E-03
upwind           7      29  0.1000000000000000E+01  928000      50  0.9031295776367188E-03  0.3170967102050781E-02  0.6322860717773438E-03
upwind           8      29  0.1000000000000000E+01  928000      50  0.9100437164306641E-03  0.3172159194946289E-02  0.5238056182861328E-03
upwind           9      29  0.1000000000000000E+01  928000      50  0.9059906005859375E-03  0.3170967102050781E-02  0.6518363952636719E-03
upwind          10      29  0.1000000000000000E+01  928000      50  0.9069442749023438E-03  0.3170013427734375E-02  0.6961822509765625E-03
upwind          11      29  0.1000000000000000E+01  928000      50  0.9000301361083984E-03  0.3171920776367188E-02  0.6413459777832031E-03
upwind          12      29  0.1000000000000000E+01  928000      50  0.9069442749023438E-03  0.3173112869262695E-02  0.7035732269287109E-03
upwind          13      29  0.1000000000000000E+01  928000      50  0.9009838104248047E-03  0.3179073333740234E-02  0.6568431854248047E-03
upwind          14      29  0.1000000000000000E+01  928000      50  0.9109973907470703E-03  0.3180980682373047E-02  0.6473064422607422E-03
upwind          15      29  0.1000000000000000E+01  928000      50  0.9100437164306641E-03  0.3185033798217773E-02  0.6582736968994141E-03
upwind          16      29  0.1000000000000000E+01  928000      50  0.6859302520751953E-03  0.3189086914062500E-02  0.7390975952148438E-03
upwind          17      29  0.1000000000000000E+01  928000      50  0.6809234619140625E-03  0.3194093704223633E-02  0.7476806640625000E-03
upwind          18      29  0.1000000000000000E+01  928000      50  0.6859302520751953E-03  0.3197908401489258E-02  0.7417201995849609E-03
upwind          19      29  0.1000000000000000E+01  928000      50  0.6859302520751953E-03  0.3204107284545898E-02  0.7688999176025391E-03
upwind          20      29  0.1000000000000000E+01  928000      50  0.6859302520751953E-03  0.3209114074707031E-02  0.7705688476562500E-03
upwind          21      29  0.1000000000000000E+01  928000      50  0.6849765777587891E-03  0.3216028213500977E-02  0.7660388946533203E-03
upwind          22      29  0.1000000000000000E+01  928000      50  0.6868839263916016E-03  0.3217935562133789E-02  0.7719993591308594E-03
upwind          23      29  0.1000000000000000E+01  928000      50  0.6830692291259766E-03  0.3222942352294922E-02  0.6237030029296875E-03
upwind          24      29  0.1000000000000000E+01  928000      50  0.6840229034423828E-03  0.3225088119506836E-02  0.6237030029296875E-03
upwind          25      29  0.1000000000000000E+01  928000      50  0.6830692291259766E-03  0.3228902816772461E-02  0.6461143493652344E-03
upwind          26      29  0.1000000000000000E+01  928000      50  0.6830692291259766E-03  0.3231048583984375E-02  0.6368160247802734E-03
upwind          27      29  0.1000000000000000E+01  928000      50  0.6818771362304688E-03  0.3235101699829102E-02  0.7028579711914062E-03
upwind          28      29  0.1000000000000000E+01  928000      50  0.6809234619140625E-03  0.3238916397094727E-02  0.5292892456054688E-03
upwind           0      30  0.1000000000000000E+01  960000      50  0.7770061492919922E-03  0.3379106521606445E-02  0.8397102355957031E-03
upwind           1      30  0.1000000000000000E+01  960000      50  0.7939338684082031E-03  0.3384113311767578E-02  0.7419586181640625E-03
upwind           2      30  0.1000000000000000E+01  960000      50  0.7948875427246094E-03  0.3383159637451172E-02  0.7960796356201172E-03
upwind           3      30  0.1000000000000000E+01  960000      50  0.7920265197753906E-03  0.3386974334716797E-02  0.8571147918701172E-03
upwind           4      30  0.1000000000000000E+01  960000      50  0.7798671722412109E-03  0.3388166427612305E-02  0.8592605590820312E-03
upwind           5      30  0.1000000000000000E+01  960000      50  0.7879734039306641E-03  0.3390073776245117E-02  0.8716583251953125E-03
upwind           6      30  0.1000000000000000E+01  960000      50  0.7779598236083984E-03  0.3399133682250977E-02  0.8723735809326172E-03
upwind           7      30  0.1000000000000000E+01  960000      50  0.7929801940917969E-03  0.3405094146728516E-02  0.7555484771728516E-03
upwind           8      30  0.1000000000000000E+01  960000      50  0.7939338684082031E-03  0.3404140472412109E-02  0.8990764617919922E-03
upwind           9      30  0.1000000000000000E+01  960000      50  0.7879734039306641E-03  0.3408908843994141E-02  0.8852481842041016E-03
upwind          10      30  0.1000000000000000E+01  960000      50  0.7939338684082031E-03  0.3411054611206055E-02  0.8847713470458984E-03
upwind          11      30  0.1000000000000000E+01  960000      50  0.7920265197753906E-03  0.3417015075683594E-02  0.9446144104003906E-03
upwind          12      30  0.1000000000000000E+01  960000      50  0.7929801940917969E-03  0.3421068191528320E-02  0.7812976837158203E-03
upwind          13      30  0.1000000000000000E+01  960000      50  0.7929801940917969E-03  0.3422021865844727E-02  0.7975101470947266E-03
upwind          14      30  0.1000000000000000E+01  960000      50  0.7908344268798828E-03  0.3420114517211914E-02  0.8888244628906250E-03
upwind          15      30  0.1000000000000000E+01  960000      50  0.7829666137695312E-03  0.3423929214477539E-02  0.9136199951171875E-03
upwind          16      30  0.1000000000000000E+01  960000      50  0.7779598236083984E-03  0.3425836563110352E-02  0.9093284606933594E-03
upwind          17      30  0.1000000000000000E+01  960000      50  0.7748603820800781E-03  0.3431081771850586E-02  0.9601116180419922E-03
upwind          18      30  0.1000000000000000E+01  960000      50  0.7770061492919922E-03  0.3433942794799805E-02  0.9121894836425781E-03
upwind          19      30  0.1000000000000000E+01  960000      50  0.7767677307128906E-03  0.3439188003540039E-02  0.9307861328125000E-03
upwind          20      30  0.1000000000000000E+01  960000      50  0.7779598236083984E-03  0.3443002700805664E-02  0.7681846618652344E-03
upwind          21      30  0.1000000000000000E+01  960000      50  0.7779598236083984E-03  0.3438949584960938E-02  0.9205341339111328E-03
upwind          22      30  0.1000000000000000E+01  960000      50  0.7779598236083984E-03  0.3439903259277344E-02  0.9126663208007812E-03
upwind          23      30  0.1000000000000000E+01  960000      50  0.7729530334472656E-03  0.3441095352172852E-02  0.9217262268066406E-03
upwind          24      30  0.1000000000000000E+01  960000      50  0.7779598236083984E-03  0.3440856933593750E-02  0.9145736694335938E-03
upwind          25      30  0.1000000000000000E+01  960000      50  0.7779598236083984E-03  0.3440856933593750E-02  0.9188652038574219E-03
upwind          26      30  0.1000000000000000E+01  960000      50  0.7779598236083984E-03  0.3440856933593750E-02  0.9245872497558594E-03
upwind          27      30  0.1000000000000000E+01  960000      50  0.7779598236083984E-03  0.3441810607910156E-02  0.9226799011230469E-03
upwind          28      30  0.1000000000000000E+01  960000      50  0.7767677307128906E-03  0.3443002700805664E-02  0.9424686431884766E-03
upwind          29      30  0.1000000000000000E+01  960000      50  0.7767677307128906E-03  0.3443002700805664E-02  0.9238719940185547E-03
upwind           0      31  0.1000000000000000E+01  992000      50  0.1065015792846680E-02  0.3118038177490234E-02  0.6062984466552734E-03
upwind           1      31  0.1000000000000000E+01  992000      50  0.1071929931640625E-02  0.3123044967651367E-02  0.6604194641113281E-03
upwind           2      31  0.1000000000000000E+01  992000      50  0.1070976257324219E-02  0.3129005432128906E-02  0.6430149078369141E-03
upwind           3      31  0.1000000000000000E+01  992000      50  0.1078844070434570E-02  0.3133058547973633E-02  0.6036758422851562E-03
upwind           4      31  0.1000000000000000E+01  992000      50  0.1078844070434570E-02  0.3136157989501953E-02  0.6134510040283203E-03
upwind           5      31  0.1000000000000000E+01  992000      50  0.1077890396118164E-02  0.3139972686767578E-02  0.6256103515625000E-03
upwind           6      31  0.1000000000000000E+01  992000      50  0.1078844070434570E-02  0.3142118453979492E-02  0.6117820739746094E-03
upwind           7      31  0.1000000000000000E+01  992000      50  0.1067876815795898E-02  0.3147125244140625E-02  0.5176067352294922E-03
upwind           8      31  0.1000000000000000E+01  992000      50  0.1078844070434570E-02  0.3143072128295898E-02  0.6263256072998047E-03
upwind           9      31  0.1000000000000000E+01  992000      50  0.1081943511962891E-02  0.3148078918457031E-02  0.6389617919921875E-03
upwind          10      31  0.1000000000000000E+01  992000      50  0.1085996627807617E-02  0.3147840499877930E-02  0.6146430969238281E-03
upwind          11      31  0.1000000000000000E+01  992000      50  0.1084089279174805E-02  0.3151893615722656E-02  0.6363391876220703E-03
upwind          12      31  0.1000000000000000E+01  992000      50  0.1073837280273438E-02  0.3158092498779297E-02  0.6668567657470703E-03
upwind          13      31  0.1000000000000000E+01  992000      50  0.1077890396118164E-02  0.3164052963256836E-02  0.7455348968505859E-03
upwind          14      31  0.1000000000000000E+01  992000      50  0.1083850860595703E-02  0.3168106079101562E-02  0.5314350128173828E-03
upwind          15      31  0.1000000000000000E+01  992000      50  0.1082897186279297E-02  0.3169059753417969E-02  0.6542205810546875E-03
upwind          16      31  0.1000000000000000E+01  992000      50  0.1040935516357422E-02  0.3170013427734375E-02  0.6375312805175781E-03
upwind          17      31  0.1000000000000000E+01  992000      50  0.1031160354614258E-02  0.3175020217895508E-02  0.5240440368652344E-03
upwind          18      31  0.1000000000000000E+01  992000      50  0.1030921936035156E-02  0.3174066543579102E-02  0.6372928619384766E-03
upwind          19      31  0.1000000000000000E+01  992000      50  0.1029968261718750E-02  0.3177881240844727E-02  0.5440711975097656E-03
upwind          20      31  0.1000000000000000E+01  992000      50  0.1042127609252930E-02  0.3180027008056641E-02  0.6597042083740234E-03
upwind          21      31  0.1000000000000000E+01  992000      50  0.1041889190673828E-02  0.3185033798217773E-02  0.6544589996337891E-03
upwind          22      31  0.1000000000000000E+01  992000      50  0.1033067703247070E-02  0.3186941146850586E-02  0.6413459777832031E-03
upwind          23      31  0.1000000000000000E+01  992000      50  0.1032114028930664E-02  0.3189802169799805E-02  0.5338191986083984E-03
upwind          24      31  0.1000000000000000E+01  992000      50  0.1045942306518555E-02  0.3185987472534180E-02  0.7417201995849609E-03
upwind          25      31  0.1000000000000000E+01  992000      50  0.1044988632202148E-02  0.3189802169799805E-02  0.7033348083496094E-03
upwind          26      31  0.1000000000000000E+01  992000      50  0.1044034957885742E-02  0.3185033798217773E-02  0.7367134094238281E-03
upwind          27      31  0.1000000000000000E+01  992000      50  0.1046895980834961E-02  0.3189086914062500E-02  0.6461143493652344E-03
upwind          28      31  0.1000000000000000E+01  992000      50  0.1039028167724609E-02  0.3190040588378906E-02  0.6394386291503906E-03
upwind          29      31  0.1000000000000000E+01  992000      50  0.1044988632202148E-02  0.3188848495483398E-02  0.7801055908203125E-03
upwind          30      31  0.1000000000000000E+01  992000      50  0.1029968261718750E-02  0.3188848495483398E-02  0.7929801940917969E-03
upwind           0      32  0.1000000000000000E+01 1024000      50  0.9651184082031250E-03  0.3206968307495117E-02  0.6835460662841797E-03
upwind           1      32  0.1000000000000000E+01 1024000      50  0.9808540344238281E-03  0.3211021423339844E-02  0.6852149963378906E-03
upwind           2      32  0.1000000000000000E+01 1024000      50  0.9770393371582031E-03  0.3216981887817383E-02  0.6923675537109375E-03
upwind           3      32  0.1000000000000000E+01 1024000      50  0.9799003601074219E-03  0.3221035003662109E-02  0.6933212280273438E-03
upwind           4      32  0.1000000000000000E+01 1024000      50  0.9810924530029297E-03  0.3227949142456055E-02  0.6206035614013672E-03
upwind           5      32  0.1000000000000000E+01 1024000      50  0.9779930114746094E-03  0.3231048583984375E-02  0.4758834838867188E-03
upwind           6      32  0.1000000000000000E+01 1024000      50  0.9880065917968750E-03  0.3226995468139648E-02  0.7061958312988281E-03
upwind           7      32  0.1000000000000000E+01 1024000      50  0.9810924530029297E-03  0.3227949142456055E-02  0.7116794586181641E-03
upwind           8      32  0.1000000000000000E+01 1024000      50  0.9908676147460938E-03  0.3230094909667969E-02  0.5850791931152344E-03
upwind           9      32  0.1000000000000000E+01 1024000      50  0.9939670562744141E-03  0.3228902816772461E-02  0.7195472717285156E-03
upwind          10      32  0.1000000000000000E+01 1024000      50  0.9770393371582031E-03  0.3229856491088867E-02  0.7114410400390625E-03
upwind          11      32  0.1000000000000000E+01 1024000      50  0.9770393371582031E-03  0.3228902816772461E-02  0.7543563842773438E-03
upwind          12      32  0.1000000000000000E+01 1024000      50  0.9949207305908203E-03  0.3229141235351562E-02  0.7343292236328125E-03
upwind          13      32  0.1000000000000000E+01 1024000      50  0.9939670562744141E-03  0.3231048583984375E-02  0.6668567657470703E-03
upwind          14      32  0.1000000000000000E+01 1024000      50  0.9930133819580078E-03  0.3232002258300781E-02  0.7054805755615234E-03
upwind          15      32  0.1000000000000000E+01 1024000      50  0.9670257568359375E-03  0.3231048583984375E-02  0.6966590881347656E-03
upwind          16      32  0.1000000000000000E+01 1024000      50  0.1317977905273438E-02  0.3230810165405273E-02  0.7491111755371094E-03
upwind          17      32  0.1000000000000000E+01 1024000      50  0.1317024230957031E-02  0.3230810165405273E-02  0.7181167602539062E-03
upwind          18      32  0.1000000000000000E+01 1024000      50  0.1317977905273438E-02  0.3233194351196289E-02  0.7219314575195312E-03
upwind          19      32  0.1000000000000000E+01 1024000      50  0.1312017440795898E-02  0.3232002258300781E-02  0.6992816925048828E-03
upwind          20      32  0.1000000000000000E+01 1024000      50  0.1318931579589844E-02  0.3233194351196289E-02  0.7188320159912109E-03
upwind          21      32  0.1000000000000000E+01 1024000      50  0.1311063766479492E-02  0.3232955932617188E-02  0.7164478302001953E-03
upwind          22      32  0.1000000000000000E+01 1024000      50  0.1318931579589844E-02  0.3236055374145508E-02  0.7009506225585938E-03
upwind          23      32  0.1000000000000000E+01 1024000      50  0.1318931579589844E-02  0.3238201141357422E-02  0.5762577056884766E-03
upwind          24      32  0.1000000000000000E+01 1024000      50  0.1320123672485352E-02  0.3234863281250000E-02  0.7472038269042969E-03
upwind          25      32  0.1000000000000000E+01 1024000      50  0.1318931579589844E-02  0.3236055374145508E-02  0.7061958312988281E-03
upwind          26      32  0.1000000000000000E+01 1024000      50  0.1309871673583984E-02  0.3240108489990234E-02  0.5884170532226562E-03
upwind          27      32  0.1000000000000000E+01 1024000      50  0.1310825347900391E-02  0.3237009048461914E-02  0.7135868072509766E-03
upwind          28      32  0.1000000000000000E+01 1024000      50  0.1318931579589844E-02  0.3240108489990234E-02  0.5972385406494141E-03
upwind          29      32  0.1000000000000000E+01 1024000      50  0.1318931579589844E-02  0.3238201141357422E-02  0.7610321044921875E-03
upwind          30      32  0.1000000000000000E+01 1024000      50  0.1309871673583984E-02  0.3239154815673828E-02  0.7236003875732422E-03
upwind          31      32  0.1000000000000000E+01 1024000      50  0.1320123672485352E-02  0.3237962722778320E-02  0.7154941558837891E-03
