macco            0       1  0.1000000000000000E+01  512000      50  0.3678083419799805E-02  0.7147789001464844E-01  0.1533603668212891E-01
macco            0       2  0.1000000000000000E+01  512000      50  0.2513885498046875E-02  0.4101109504699707E-01  0.1222944259643555E-01
macco            1       2  0.1000000000000000E+01  512000      50  0.2500057220458984E-02  0.4102301597595215E-01  0.9077310562133789E-02
macco            0       3  0.1000000000000000E+01  512000      50  0.1630067825317383E-02  0.2552986145019531E-01  0.6373643875122070E-02
macco            1       3  0.1000000000000000E+01  512000      50  0.1627922058105469E-02  0.2555799484252930E-01  0.5687713623046875E-02
macco            2       3  0.1000000000000000E+01  512000      50  0.1612901687622070E-02  0.2556705474853516E-01  0.5899429321289062E-02
macco            0       4  0.1000000000000000E+01  512000      50  0.1362085342407227E-02  0.2068090438842773E-01  0.5725622177124023E-02
macco            1       4  0.1000000000000000E+01  512000      50  0.1360177993774414E-02  0.2069687843322754E-01  0.5749464035034180E-02
macco            2       4  0.1000000000000000E+01  512000      50  0.1379013061523438E-02  0.2068996429443359E-01  0.4836559295654297E-02
macco            3       4  0.1000000000000000E+01  512000      50  0.1373052597045898E-02  0.2069497108459473E-01  0.4719018936157227E-02
macco            0       5  0.1000000000000000E+01  512000      50  0.1178979873657227E-02  0.1573920249938965E-01  0.3615856170654297E-02
macco            1       5  0.1000000000000000E+01  512000      50  0.1200914382934570E-02  0.1574492454528809E-01  0.3499269485473633E-02
macco            2       5  0.1000000000000000E+01  512000      50  0.1204967498779297E-02  0.1574707031250000E-01  0.3522157669067383E-02
macco            3       5  0.1000000000000000E+01  512000      50  0.1180887222290039E-02  0.1572799682617188E-01  0.3939867019653320E-02
macco            4       5  0.1000000000000000E+01  512000      50  0.1173019409179688E-02  0.1572513580322266E-01  0.3961086273193359E-02
macco            0       6  0.1000000000000000E+01  512000      50  0.9829998016357422E-03  0.1405191421508789E-01  0.3143548965454102E-02
macco            1       6  0.1000000000000000E+01  512000      50  0.9989738464355469E-03  0.1405000686645508E-01  0.3242015838623047E-02
macco            2       6  0.1000000000000000E+01  512000      50  0.9999275207519531E-03  0.1404404640197754E-01  0.3139495849609375E-02
macco            3       6  0.1000000000000000E+01  512000      50  0.1003026962280273E-02  0.1404595375061035E-01  0.3355503082275391E-02
macco            4       6  0.1000000000000000E+01  512000      50  0.9911060333251953E-03  0.1400995254516602E-01  0.4663705825805664E-02
macco            5       6  0.1000000000000000E+01  512000      50  0.9930133819580078E-03  0.1401090621948242E-01  0.4643678665161133E-02
macco            0       7  0.1000000000000000E+01  512000      50  0.9789466857910156E-03  0.1194405555725098E-01  0.2690076828002930E-02
macco            1       7  0.1000000000000000E+01  512000      50  0.9949207305908203E-03  0.1194810867309570E-01  0.2789735794067383E-02
macco            2       7  0.1000000000000000E+01  512000      50  0.9961128234863281E-03  0.1193904876708984E-01  0.2834796905517578E-02
macco            3       7  0.1000000000000000E+01  512000      50  0.9651184082031250E-03  0.1195478439331055E-01  0.2814769744873047E-02
macco            4       7  0.1000000000000000E+01  512000      50  0.1019001007080078E-02  0.1192903518676758E-01  0.3276586532592773E-02
macco            5       7  0.1000000000000000E+01  512000      50  0.1013994216918945E-02  0.1193404197692871E-01  0.3180503845214844E-02
macco            6       7  0.1000000000000000E+01  512000      50  0.1013994216918945E-02  0.1192998886108398E-01  0.3270387649536133E-02
macco            0       8  0.1000000000000000E+01  512000      50  0.8180141448974609E-03  0.1090693473815918E-01  0.2705812454223633E-02
macco            1       8  0.1000000000000000E+01  512000      50  0.8280277252197266E-03  0.1091384887695312E-01  0.2722501754760742E-02
macco            2       8  0.1000000000000000E+01  512000      50  0.8380413055419922E-03  0.1091098785400391E-01  0.2710819244384766E-02
macco            3       8  0.1000000000000000E+01  512000      50  0.8380413055419922E-03  0.1090383529663086E-01  0.2699136734008789E-02
macco            4       8  0.1000000000000000E+01  512000      50  0.8189678192138672E-03  0.1087188720703125E-01  0.2817153930664062E-02
macco            5       8  0.1000000000000000E+01  512000      50  0.8060932159423828E-03  0.1087284088134766E-01  0.2830743789672852E-02
macco            6       8  0.1000000000000000E+01  512000      50  0.8308887481689453E-03  0.1087093353271484E-01  0.2842426300048828E-02
macco            7       8  0.1000000000000000E+01  512000      50  0.8299350738525391E-03  0.1087689399719238E-01  0.2644062042236328E-02
macco            0       9  0.1000000000000000E+01  512000      50  0.8430480957031250E-03  0.9742975234985352E-02  0.2151250839233398E-02
macco            1       9  0.1000000000000000E+01  512000      50  0.8549690246582031E-03  0.9741067886352539E-02  0.2435922622680664E-02
macco            2       9  0.1000000000000000E+01  512000      50  0.8621215820312500E-03  0.9742975234985352E-02  0.2382755279541016E-02
macco            3       9  0.1000000000000000E+01  512000      50  0.8599758148193359E-03  0.9742021560668945E-02  0.2455711364746094E-02
macco            4       9  0.1000000000000000E+01  512000      50  0.8611679077148438E-03  0.9742021560668945E-02  0.2467155456542969E-02
macco            5       9  0.1000000000000000E+01  512000      50  0.8668899536132812E-03  0.9735107421875000E-02  0.2711296081542969E-02
macco            6       9  0.1000000000000000E+01  512000      50  0.8680820465087891E-03  0.9735107421875000E-02  0.2791643142700195E-02
macco            7       9  0.1000000000000000E+01  512000      50  0.8680820465087891E-03  0.9732961654663086E-02  0.2853155136108398E-02
macco            8       9  0.1000000000000000E+01  512000      50  0.8599758148193359E-03  0.9732961654663086E-02  0.2897977828979492E-02
macco            0      10  0.1000000000000000E+01  512000      50  0.7460117340087891E-03  0.8554935455322266E-02  0.2146005630493164E-02
macco            1      10  0.1000000000000000E+01  512000      50  0.7719993591308594E-03  0.8553028106689453E-02  0.2146959304809570E-02
macco            2      10  0.1000000000000000E+01  512000      50  0.7731914520263672E-03  0.8559942245483398E-02  0.1927137374877930E-02
macco            3      10  0.1000000000000000E+01  512000      50  0.7719993591308594E-03  0.8560180664062500E-02  0.1987934112548828E-02
macco            4      10  0.1000000000000000E+01  512000      50  0.7719993591308594E-03  0.8566141128540039E-02  0.2033233642578125E-02
macco            5      10  0.1000000000000000E+01  512000      50  0.7729530334472656E-03  0.8560180664062500E-02  0.2200841903686523E-02
macco            6      10  0.1000000000000000E+01  512000      50  0.7719993591308594E-03  0.8563041687011719E-02  0.2224206924438477E-02
macco            7      10  0.1000000000000000E+01  512000      50  0.7729530334472656E-03  0.8565187454223633E-02  0.2208471298217773E-02
macco            8      10  0.1000000000000000E+01  512000      50  0.7719993591308594E-03  0.8568048477172852E-02  0.2210378646850586E-02
macco            9      10  0.1000000000000000E+01  512000      50  0.7698535919189453E-03  0.8567094802856445E-02  0.2216100692749023E-02
macco            0      11  0.1000000000000000E+01  512000      50  0.7550716400146484E-03  0.8193016052246094E-02  0.2092361450195312E-02
macco            1      11  0.1000000000000000E+01  512000      50  0.7691383361816406E-03  0.8197069168090820E-02  0.2117872238159180E-02
macco            2      11  0.1000000000000000E+01  512000      50  0.7688999176025391E-03  0.8203983306884766E-02  0.2101182937622070E-02
macco            3      11  0.1000000000000000E+01  512000      50  0.7729530334472656E-03  0.8203029632568359E-02  0.2078771591186523E-02
macco            4      11  0.1000000000000000E+01  512000      50  0.7739067077636719E-03  0.8208036422729492E-02  0.2117156982421875E-02
macco            5      11  0.1000000000000000E+01  512000      50  0.7739067077636719E-03  0.8207082748413086E-02  0.2002954483032227E-02
macco            6      11  0.1000000000000000E+01  512000      50  0.7710456848144531E-03  0.8195877075195312E-02  0.2357959747314453E-02
macco            7      11  0.1000000000000000E+01  512000      50  0.7710456848144531E-03  0.8204936981201172E-02  0.2245664596557617E-02
macco            8      11  0.1000000000000000E+01  512000      50  0.7710456848144531E-03  0.8203983306884766E-02  0.2266883850097656E-02
macco            9      11  0.1000000000000000E+01  512000      50  0.7710456848144531E-03  0.8200883865356445E-02  0.2368688583374023E-02
macco           10      11  0.1000000000000000E+01  512000      50  0.7691383361816406E-03  0.8205890655517578E-02  0.2250909805297852E-02
macco            0      12  0.1000000000000000E+01  512000      50  0.7350444793701172E-03  0.7565975189208984E-02  0.2038717269897461E-02
macco            1      12  0.1000000000000000E+01  512000      50  0.7450580596923828E-03  0.7575988769531250E-02  0.2045154571533203E-02
macco            2      12  0.1000000000000000E+01  512000      50  0.7531642913818359E-03  0.7578849792480469E-02  0.2052783966064453E-02
macco            3      12  0.1000000000000000E+01  512000      50  0.7481575012207031E-03  0.7582902908325195E-02  0.1946449279785156E-02
macco            4      12  0.1000000000000000E+01  512000      50  0.7491111755371094E-03  0.7581949234008789E-02  0.2074241638183594E-02
macco            5      12  0.1000000000000000E+01  512000      50  0.7522106170654297E-03  0.7584810256958008E-02  0.1989603042602539E-02
macco            6      12  0.1000000000000000E+01  512000      50  0.7531642913818359E-03  0.7597923278808594E-02  0.1992225646972656E-02
macco            7      12  0.1000000000000000E+01  512000      50  0.7500648498535156E-03  0.7608890533447266E-02  0.1922845840454102E-02
macco            8      12  0.1000000000000000E+01  512000      50  0.7472038269042969E-03  0.7603883743286133E-02  0.2030611038208008E-02
macco            9      12  0.1000000000000000E+01  512000      50  0.7531642913818359E-03  0.7611036300659180E-02  0.1805543899536133E-02
macco           10      12  0.1000000000000000E+01  512000      50  0.7491111755371094E-03  0.7612943649291992E-02  0.1795768737792969E-02
macco           11      12  0.1000000000000000E+01  512000      50  0.7460117340087891E-03  0.7610797882080078E-02  0.2033710479736328E-02
macco            0      13  0.1000000000000000E+01  512000      50  0.6959438323974609E-03  0.7153034210205078E-02  0.1737594604492188E-02
macco            1      13  0.1000000000000000E+01  512000      50  0.7240772247314453E-03  0.7157087326049805E-02  0.1724481582641602E-02
macco            2      13  0.1000000000000000E+01  512000      50  0.7250308990478516E-03  0.7161140441894531E-02  0.1747369766235352E-02
macco            3      13  0.1000000000000000E+01  512000      50  0.7278919219970703E-03  0.7163047790527344E-02  0.1731157302856445E-02
macco            4      13  0.1000000000000000E+01  512000      50  0.7209777832031250E-03  0.7164001464843750E-02  0.1747369766235352E-02
macco            5      13  0.1000000000000000E+01  512000      50  0.7178783416748047E-03  0.7165908813476562E-02  0.1766443252563477E-02
macco            6      13  0.1000000000000000E+01  512000      50  0.7238388061523438E-03  0.7165193557739258E-02  0.1732110977172852E-02
macco            7      13  0.1000000000000000E+01  512000      50  0.7178783416748047E-03  0.7159948348999023E-02  0.2056598663330078E-02
macco            8      13  0.1000000000000000E+01  512000      50  0.7259845733642578E-03  0.7156133651733398E-02  0.2094745635986328E-02
macco            9      13  0.1000000000000000E+01  512000      50  0.7219314575195312E-03  0.7163047790527344E-02  0.2085924148559570E-02
macco           10      13  0.1000000000000000E+01  512000      50  0.7240772247314453E-03  0.7164001464843750E-02  0.2057313919067383E-02
macco           11      13  0.1000000000000000E+01  512000      50  0.7240772247314453E-03  0.7164955139160156E-02  0.2087116241455078E-02
macco           12      13  0.1000000000000000E+01  512000      50  0.7228851318359375E-03  0.7165908813476562E-02  0.2072811126708984E-02
macco            0      14  0.1000000000000000E+01  512000      50  0.6718635559082031E-03  0.7018089294433594E-02  0.1918554306030273E-02
macco            1      14  0.1000000000000000E+01  512000      50  0.6899833679199219E-03  0.7021903991699219E-02  0.1941204071044922E-02
macco            2      14  0.1000000000000000E+01  512000      50  0.6909370422363281E-03  0.7037162780761719E-02  0.1920461654663086E-02
macco            3      14  0.1000000000000000E+01  512000      50  0.6899833679199219E-03  0.7039070129394531E-02  0.1935243606567383E-02
macco            4      14  0.1000000000000000E+01  512000      50  0.6940364837646484E-03  0.7039070129394531E-02  0.1966476440429688E-02
macco            5      14  0.1000000000000000E+01  512000      50  0.6949901580810547E-03  0.7041931152343750E-02  0.1985788345336914E-02
macco            6      14  0.1000000000000000E+01  512000      50  0.6959438323974609E-03  0.7040023803710938E-02  0.1832723617553711E-02
macco            7      14  0.1000000000000000E+01  512000      50  0.6859302520751953E-03  0.7049083709716797E-02  0.1978158950805664E-02
macco            8      14  0.1000000000000000E+01  512000      50  0.6940364837646484E-03  0.7043123245239258E-02  0.2085924148559570E-02
macco            9      14  0.1000000000000000E+01  512000      50  0.6909370422363281E-03  0.7040977478027344E-02  0.2110004425048828E-02
macco           10      14  0.1000000000000000E+01  512000      50  0.6949901580810547E-03  0.7045030593872070E-02  0.2094984054565430E-02
macco           11      14  0.1000000000000000E+01  512000      50  0.6940364837646484E-03  0.7046937942504883E-02  0.2084255218505859E-02
macco           12      14  0.1000000000000000E+01  512000      50  0.6940364837646484E-03  0.7050991058349609E-02  0.1975774765014648E-02
macco           13      14  0.1000000000000000E+01  512000      50  0.6899833679199219E-03  0.7049083709716797E-02  0.2071142196655273E-02
macco            0      15  0.1000000000000000E+01  512000      50  0.8811950683593750E-03  0.6556987762451172E-02  0.1776456832885742E-02
macco            1      15  0.1000000000000000E+01  512000      50  0.9000301361083984E-03  0.6559133529663086E-02  0.1762628555297852E-02
macco            2      15  0.1000000000000000E+01  512000      50  0.9191036224365234E-03  0.6568908691406250E-02  0.1621484756469727E-02
macco            3      15  0.1000000000000000E+01  512000      50  0.9109973907470703E-03  0.6575822830200195E-02  0.1814126968383789E-02
macco            4      15  0.1000000000000000E+01  512000      50  0.9109973907470703E-03  0.6579875946044922E-02  0.1782655715942383E-02
macco            5      15  0.1000000000000000E+01  512000      50  0.9071826934814453E-03  0.6581783294677734E-02  0.1838445663452148E-02
macco            6      15  0.1000000000000000E+01  512000      50  0.9191036224365234E-03  0.6583929061889648E-02  0.1647472381591797E-02
macco            7      15  0.1000000000000000E+01  512000      50  0.9021759033203125E-03  0.6585836410522461E-02  0.1563549041748047E-02
macco            8      15  0.1000000000000000E+01  512000      50  0.8981227874755859E-03  0.6582975387573242E-02  0.1865625381469727E-02
macco            9      15  0.1000000000000000E+01  512000      50  0.9119510650634766E-03  0.6587028503417969E-02  0.1928567886352539E-02
macco           10      15  0.1000000000000000E+01  512000      50  0.9050369262695312E-03  0.6585836410522461E-02  0.1903772354125977E-02
macco           11      15  0.1000000000000000E+01  512000      50  0.9119510650634766E-03  0.6591081619262695E-02  0.1909971237182617E-02
macco           12      15  0.1000000000000000E+01  512000      50  0.9150505065917969E-03  0.6589889526367188E-02  0.1888751983642578E-02
macco           13      15  0.1000000000000000E+01  512000      50  0.9179115295410156E-03  0.6592035293579102E-02  0.1869201660156250E-02
macco           14      15  0.1000000000000000E+01  512000      50  0.9160041809082031E-03  0.6592035293579102E-02  0.1895904541015625E-02
macco            0      16  0.1000000000000000E+01  512000      50  0.8151531219482422E-03  0.6157875061035156E-02  0.1683235168457031E-02
macco            1      16  0.1000000000000000E+01  512000      50  0.8380413055419922E-03  0.6162881851196289E-02  0.1680135726928711E-02
macco            2      16  0.1000000000000000E+01  512000      50  0.8380413055419922E-03  0.6176948547363281E-02  0.1507759094238281E-02
macco            3      16  0.1000000000000000E+01  512000      50  0.8261203765869141E-03  0.6176948547363281E-02  0.1564025878906250E-02
macco            4      16  0.1000000000000000E+01  512000      50  0.8349418640136719E-03  0.6167888641357422E-02  0.1697540283203125E-02
macco            5      16  0.1000000000000000E+01  512000      50  0.8320808410644531E-03  0.6173849105834961E-02  0.1727581024169922E-02
macco            6      16  0.1000000000000000E+01  512000      50  0.8301734924316406E-03  0.6173849105834961E-02  0.1701354980468750E-02
macco            7      16  0.1000000000000000E+01  512000      50  0.8320808410644531E-03  0.6175041198730469E-02  0.1685857772827148E-02
macco            8      16  0.1000000000000000E+01  512000      50  0.8339881896972656E-03  0.6168842315673828E-02  0.1696109771728516E-02
macco            9      16  0.1000000000000000E+01  512000      50  0.8261203765869141E-03  0.6170034408569336E-02  0.1704931259155273E-02
macco           10      16  0.1000000000000000E+01  512000      50  0.8270740509033203E-03  0.6178855895996094E-02  0.1602172851562500E-02
macco           11      16  0.1000000000000000E+01  512000      50  0.8261203765869141E-03  0.6173849105834961E-02  0.1693248748779297E-02
macco           12      16  0.1000000000000000E+01  512000      50  0.8330345153808594E-03  0.6175041198730469E-02  0.1708030700683594E-02
macco           13      16  0.1000000000000000E+01  512000      50  0.8399486541748047E-03  0.6181001663208008E-02  0.1596450805664062E-02
macco           14      16  0.1000000000000000E+01  512000      50  0.8320808410644531E-03  0.6181001663208008E-02  0.1680374145507812E-02
macco           15      16  0.1000000000000000E+01  512000      50  0.8361339569091797E-03  0.6181955337524414E-02  0.1488447189331055E-02
macco            0      17  0.1000000000000000E+01  512000      50  0.8208751678466797E-03  0.5753993988037109E-02  0.1549720764160156E-02
macco            1      17  0.1000000000000000E+01  512000      50  0.8490085601806641E-03  0.5764961242675781E-02  0.1535177230834961E-02
macco            2      17  0.1000000000000000E+01  512000      50  0.8349418640136719E-03  0.5769014358520508E-02  0.1543283462524414E-02
macco            3      17  0.1000000000000000E+01  512000      50  0.8349418640136719E-03  0.5774974822998047E-02  0.1557826995849609E-02
macco            4      17  0.1000000000000000E+01  512000      50  0.8349418640136719E-03  0.5778074264526367E-02  0.1617431640625000E-02
macco            5      17  0.1000000000000000E+01  512000      50  0.8389949798583984E-03  0.5779027938842773E-02  0.1462221145629883E-02
macco            6      17  0.1000000000000000E+01  512000      50  0.8349418640136719E-03  0.5778074264526367E-02  0.1570463180541992E-02
macco            7      17  0.1000000000000000E+01  512000      50  0.8409023284912109E-03  0.5778074264526367E-02  0.1552581787109375E-02
macco            8      17  0.1000000000000000E+01  512000      50  0.8368492126464844E-03  0.5776166915893555E-02  0.1566648483276367E-02
macco            9      17  0.1000000000000000E+01  512000      50  0.8280277252197266E-03  0.5772113800048828E-02  0.1602172851562500E-02
macco           10      17  0.1000000000000000E+01  512000      50  0.8380413055419922E-03  0.5781888961791992E-02  0.1611471176147461E-02
macco           11      17  0.1000000000000000E+01  512000      50  0.8449554443359375E-03  0.5784988403320312E-02  0.1595020294189453E-02
macco           12      17  0.1000000000000000E+01  512000      50  0.8449554443359375E-03  0.5785942077636719E-02  0.1549720764160156E-02
macco           13      17  0.1000000000000000E+01  512000      50  0.8468627929687500E-03  0.5785942077636719E-02  0.1579523086547852E-02
macco           14      17  0.1000000000000000E+01  512000      50  0.8409023284912109E-03  0.5788087844848633E-02  0.1614570617675781E-02
macco           15      17  0.1000000000000000E+01  512000      50  0.8389949798583984E-03  0.5787134170532227E-02  0.1566410064697266E-02
macco           16      17  0.1000000000000000E+01  512000      50  0.1021146774291992E-02  0.5751848220825195E-02  0.2056121826171875E-02
macco            0      18  0.1000000000000000E+01  512000      50  0.8151531219482422E-03  0.5441904067993164E-02  0.1435041427612305E-02
macco            1      18  0.1000000000000000E+01  512000      50  0.8189678192138672E-03  0.5449056625366211E-02  0.1454830169677734E-02
macco            2      18  0.1000000000000000E+01  512000      50  0.8261203765869141E-03  0.5450010299682617E-02  0.1436948776245117E-02
macco            3      18  0.1000000000000000E+01  512000      50  0.8320808410644531E-03  0.5459785461425781E-02  0.1331090927124023E-02
macco            4      18  0.1000000000000000E+01  512000      50  0.8199214935302734E-03  0.5459070205688477E-02  0.1529693603515625E-02
macco            5      18  0.1000000000000000E+01  512000      50  0.8251667022705078E-03  0.5460977554321289E-02  0.1445293426513672E-02
macco            6      18  0.1000000000000000E+01  512000      50  0.8308887481689453E-03  0.5464076995849609E-02  0.1391172409057617E-02
macco            7      18  0.1000000000000000E+01  512000      50  0.8320808410644531E-03  0.5461931228637695E-02  0.1410961151123047E-02
macco            8      18  0.1000000000000000E+01  512000      50  0.8289813995361328E-03  0.5455017089843750E-02  0.1477956771850586E-02
macco            9      18  0.1000000000000000E+01  512000      50  0.8308887481689453E-03  0.5460023880004883E-02  0.1433610916137695E-02
macco           10      18  0.1000000000000000E+01  512000      50  0.8168220520019531E-03  0.5470037460327148E-02  0.1356363296508789E-02
macco           11      18  0.1000000000000000E+01  512000      50  0.8201599121093750E-03  0.5461931228637695E-02  0.1479387283325195E-02
macco           12      18  0.1000000000000000E+01  512000      50  0.8189678192138672E-03  0.5470991134643555E-02  0.1397848129272461E-02
macco           13      18  0.1000000000000000E+01  512000      50  0.8289813995361328E-03  0.5466938018798828E-02  0.1477003097534180E-02
macco           14      18  0.1000000000000000E+01  512000      50  0.8311271667480469E-03  0.5465984344482422E-02  0.1484870910644531E-02
macco           15      18  0.1000000000000000E+01  512000      50  0.8490085601806641E-03  0.5439996719360352E-02  0.1489162445068359E-02
macco           16      18  0.1000000000000000E+01  512000      50  0.9739398956298828E-03  0.5435943603515625E-02  0.1696348190307617E-02
macco           17      18  0.1000000000000000E+01  512000      50  0.1021862030029297E-02  0.5435943603515625E-02  0.2062559127807617E-02
macco            0      19  0.1000000000000000E+01  512000      50  0.7059574127197266E-03  0.5562067031860352E-02  0.1815557479858398E-02
macco            1      19  0.1000000000000000E+01  512000      50  0.7190704345703125E-03  0.5574941635131836E-02  0.1806497573852539E-02
macco            2      19  0.1000000000000000E+01  512000      50  0.7340908050537109E-03  0.5578994750976562E-02  0.1695394515991211E-02
macco            3      19  0.1000000000000000E+01  512000      50  0.7319450378417969E-03  0.5593061447143555E-02  0.1705884933471680E-02
macco            4      19  0.1000000000000000E+01  512000      50  0.7319450378417969E-03  0.5590915679931641E-02  0.1886606216430664E-02
macco            5      19  0.1000000000000000E+01  512000      50  0.7269382476806641E-03  0.5599975585937500E-02  0.1714468002319336E-02
macco            6      19  0.1000000000000000E+01  512000      50  0.1020193099975586E-02  0.5313873291015625E-02  0.1606225967407227E-02
macco            7      19  0.1000000000000000E+01  512000      50  0.7278919219970703E-03  0.5606174468994141E-02  0.1874446868896484E-02
macco            8      19  0.1000000000000000E+01  512000      50  0.7328987121582031E-03  0.5601167678833008E-02  0.1819372177124023E-02
macco            9      19  0.1000000000000000E+01  512000      50  0.7290840148925781E-03  0.5613088607788086E-02  0.1855373382568359E-02
macco           10      19  0.1000000000000000E+01  512000      50  0.7340908050537109E-03  0.5614995956420898E-02  0.1841068267822266E-02
macco           11      19  0.1000000000000000E+01  512000      50  0.7281303405761719E-03  0.5625963211059570E-02  0.1887083053588867E-02
macco           12      19  0.1000000000000000E+01  512000      50  0.7340908050537109E-03  0.5629062652587891E-02  0.1868009567260742E-02
macco           13      19  0.1000000000000000E+01  512000      50  0.7290840148925781E-03  0.5635023117065430E-02  0.1893043518066406E-02
macco           14      19  0.1000000000000000E+01  512000      50  0.1021146774291992E-02  0.5352020263671875E-02  0.1681327819824219E-02
macco           15      19  0.1000000000000000E+01  512000      50  0.7331371307373047E-03  0.5643844604492188E-02  0.1786947250366211E-02
macco           16      19  0.1000000000000000E+01  512000      50  0.9989738464355469E-03  0.5645036697387695E-02  0.2225160598754883E-02
macco           17      19  0.1000000000000000E+01  512000      50  0.9970664978027344E-03  0.5654811859130859E-02  0.2205133438110352E-02
macco           18      19  0.1000000000000000E+01  512000      50  0.9970664978027344E-03  0.5663871765136719E-02  0.1548290252685547E-02
macco            0      20  0.1000000000000000E+01  512000      50  0.6489753723144531E-03  0.5389213562011719E-02  0.1558780670166016E-02
macco            1      20  0.1000000000000000E+01  512000      50  0.6699562072753906E-03  0.5403041839599609E-02  0.1808643341064453E-02
macco            2      20  0.1000000000000000E+01  512000      50  0.6630420684814453E-03  0.5407094955444336E-02  0.1827001571655273E-02
macco            3      20  0.1000000000000000E+01  512000      50  0.6630420684814453E-03  0.5417108535766602E-02  0.1655340194702148E-02
macco            4      20  0.1000000000000000E+01  512000      50  0.6699562072753906E-03  0.5417108535766602E-02  0.1839637756347656E-02
macco            5      20  0.1000000000000000E+01  512000      50  0.6699562072753906E-03  0.5421161651611328E-02  0.1837253570556641E-02
macco            6      20  0.1000000000000000E+01  512000      50  0.6709098815917969E-03  0.5423069000244141E-02  0.1867532730102539E-02
macco            7      20  0.1000000000000000E+01  512000      50  0.6699562072753906E-03  0.5426168441772461E-02  0.1837730407714844E-02
macco            8      20  0.1000000000000000E+01  512000      50  0.6589889526367188E-03  0.5426883697509766E-02  0.1881122589111328E-02
macco            9      20  0.1000000000000000E+01  512000      50  0.6678104400634766E-03  0.5435228347778320E-02  0.1761198043823242E-02
macco           10      20  0.1000000000000000E+01  512000      50  0.6690025329589844E-03  0.5440950393676758E-02  0.1881837844848633E-02
macco           11      20  0.1000000000000000E+01  512000      50  0.6678104400634766E-03  0.5445003509521484E-02  0.1881599426269531E-02
macco           12      20  0.1000000000000000E+01  512000      50  0.6668567657470703E-03  0.5453109741210938E-02  0.1907348632812500E-02
macco           13      20  0.1000000000000000E+01  512000      50  0.6580352783203125E-03  0.5460977554321289E-02  0.1960277557373047E-02
macco           14      20  0.1000000000000000E+01  512000      50  0.6668567657470703E-03  0.5463123321533203E-02  0.1885175704956055E-02
macco           15      20  0.1000000000000000E+01  512000      50  0.6668567657470703E-03  0.5468130111694336E-02  0.1862764358520508E-02
macco           16      20  0.1000000000000000E+01  512000      50  0.6802082061767578E-03  0.5453824996948242E-02  0.1626729965209961E-02
macco           17      20  0.1000000000000000E+01  512000      50  0.6730556488037109E-03  0.5455970764160156E-02  0.1579523086547852E-02
macco           18      20  0.1000000000000000E+01  512000      50  0.6530284881591797E-03  0.5467891693115234E-02  0.1884937286376953E-02
macco           19      20  0.1000000000000000E+01  512000      50  0.6320476531982422E-03  0.5471944808959961E-02  0.1873016357421875E-02
macco            0      21  0.1000000000000000E+01  512000      50  0.9720325469970703E-03  0.4585981369018555E-02  0.1356840133666992E-02
macco            1      21  0.1000000000000000E+01  512000      50  0.9939670562744141E-03  0.4586935043334961E-02  0.1369476318359375E-02
macco            2      21  0.1000000000000000E+01  512000      50  0.9899139404296875E-03  0.4587888717651367E-02  0.1394987106323242E-02
macco            3      21  0.1000000000000000E+01  512000      50  0.9939670562744141E-03  0.4590988159179688E-02  0.1440763473510742E-02
macco            4      21  0.1000000000000000E+01  512000      50  0.1005172729492188E-02  0.4587888717651367E-02  0.1426219940185547E-02
macco            5      21  0.1000000000000000E+01  512000      50  0.1003980636596680E-02  0.4590988159179688E-02  0.1367092132568359E-02
macco            6      21  0.1000000000000000E+01  512000      50  0.1003980636596680E-02  0.4592180252075195E-02  0.1366615295410156E-02
macco            7      21  0.1000000000000000E+01  512000      50  0.1003026962280273E-02  0.4594087600708008E-02  0.1393556594848633E-02
macco            8      21  0.1000000000000000E+01  512000      50  0.9818077087402344E-03  0.4595041275024414E-02  0.1419305801391602E-02
macco            9      21  0.1000000000000000E+01  512000      50  0.9930133819580078E-03  0.4595994949340820E-02  0.1390218734741211E-02
macco           10      21  0.1000000000000000E+01  512000      50  0.9870529174804688E-03  0.4598140716552734E-02  0.1322746276855469E-02
macco           11      21  0.1000000000000000E+01  512000      50  0.9939670562744141E-03  0.4595041275024414E-02  0.1363992691040039E-02
macco           12      21  0.1000000000000000E+01  512000      50  0.9958744049072266E-03  0.4599094390869141E-02  0.1380681991577148E-02
macco           13      21  0.1000000000000000E+01  512000      50  0.9930133819580078E-03  0.4602909088134766E-02  0.1386404037475586E-02
macco           14      21  0.1000000000000000E+01  512000      50  0.9901523590087891E-03  0.4605054855346680E-02  0.1426458358764648E-02
macco           15      21  0.1000000000000000E+01  512000      50  0.9970664978027344E-03  0.4601955413818359E-02  0.1415014266967773E-02
macco           16      21  0.1000000000000000E+01  512000      50  0.1126050949096680E-02  0.4602909088134766E-02  0.1618146896362305E-02
macco           17      21  0.1000000000000000E+01  512000      50  0.1126050949096680E-02  0.4603862762451172E-02  0.1636505126953125E-02
macco           18      21  0.1000000000000000E+01  512000      50  0.1122951507568359E-02  0.4603862762451172E-02  0.1635789871215820E-02
macco           19      21  0.1000000000000000E+01  512000      50  0.1138210296630859E-02  0.4601955413818359E-02  0.1541614532470703E-02
macco           20      21  0.1000000000000000E+01  512000      50  0.1135110855102539E-02  0.4606008529663086E-02  0.1521348953247070E-02
macco            0      22  0.1000000000000000E+01  512000      50  0.6749629974365234E-03  0.4416227340698242E-02  0.1368999481201172E-02
macco            1      22  0.1000000000000000E+01  512000      50  0.6918907165527344E-03  0.4419088363647461E-02  0.1376152038574219E-02
macco            2      22  0.1000000000000000E+01  512000      50  0.6928443908691406E-03  0.4420042037963867E-02  0.1339912414550781E-02
macco            3      22  0.1000000000000000E+01  512000      50  0.6909370422363281E-03  0.4421234130859375E-02  0.1070737838745117E-02
macco            4      22  0.1000000000000000E+01  512000      50  0.6949901580810547E-03  0.4420042037963867E-02  0.1320123672485352E-02
macco            5      22  0.1000000000000000E+01  512000      50  0.6940364837646484E-03  0.4421949386596680E-02  0.1327753067016602E-02
macco            6      22  0.1000000000000000E+01  512000      50  0.6830692291259766E-03  0.4422903060913086E-02  0.1316785812377930E-02
macco            7      22  0.1000000000000000E+01  512000      50  0.6930828094482422E-03  0.4423856735229492E-02  0.1397371292114258E-02
macco            8      22  0.1000000000000000E+01  512000      50  0.6909370422363281E-03  0.4423856735229492E-02  0.1359462738037109E-02
macco            9      22  0.1000000000000000E+01  512000      50  0.6899833679199219E-03  0.4424810409545898E-02  0.1354932785034180E-02
macco           10      22  0.1000000000000000E+01  512000      50  0.6890296936035156E-03  0.4425048828125000E-02  0.1331567764282227E-02
macco           11      22  0.1000000000000000E+01  512000      50  0.6899833679199219E-03  0.4426002502441406E-02  0.1358747482299805E-02
macco           12      22  0.1000000000000000E+01  512000      50  0.6880760192871094E-03  0.4426002502441406E-02  0.1359462738037109E-02
macco           13      22  0.1000000000000000E+01  512000      50  0.6899833679199219E-03  0.4427909851074219E-02  0.1338720321655273E-02
macco           14      22  0.1000000000000000E+01  512000      50  0.6878376007080078E-03  0.4430055618286133E-02  0.1417875289916992E-02
macco           15      22  0.1000000000000000E+01  512000      50  0.6878376007080078E-03  0.4431962966918945E-02  0.1396894454956055E-02
macco           16      22  0.1000000000000000E+01  512000      50  0.6330013275146484E-03  0.4428863525390625E-02  0.1453638076782227E-02
macco           17      22  0.1000000000000000E+01  512000      50  0.6370544433593750E-03  0.4431009292602539E-02  0.1483678817749023E-02
macco           18      22  0.1000000000000000E+01  512000      50  0.6380081176757812E-03  0.4430055618286133E-02  0.1496553421020508E-02
macco           19      22  0.1000000000000000E+01  512000      50  0.6380081176757812E-03  0.4431009292602539E-02  0.1502752304077148E-02
macco           20      22  0.1000000000000000E+01  512000      50  0.6480216979980469E-03  0.4430055618286133E-02  0.1692533493041992E-02
macco           21      22  0.1000000000000000E+01  512000      50  0.6480216979980469E-03  0.4428863525390625E-02  0.1738309860229492E-02
macco            0      23  0.1000000000000000E+01  512000      50  0.8721351623535156E-03  0.4248857498168945E-02  0.1270055770874023E-02
macco            1      23  0.1000000000000000E+01  512000      50  0.8819103240966797E-03  0.4252195358276367E-02  0.1334905624389648E-02
macco            2      23  0.1000000000000000E+01  512000      50  0.8859634399414062E-03  0.4273891448974609E-02  0.1309633255004883E-02
macco            3      23  0.1000000000000000E+01  512000      50  0.8740425109863281E-03  0.4275798797607422E-02  0.1305103302001953E-02
macco            4      23  0.1000000000000000E+01  512000      50  0.8809566497802734E-03  0.4278898239135742E-02  0.1298427581787109E-02
macco            5      23  0.1000000000000000E+01  512000      50  0.8771419525146484E-03  0.4282951354980469E-02  0.1379489898681641E-02
macco            6      23  0.1000000000000000E+01  512000      50  0.8809566497802734E-03  0.4287004470825195E-02  0.1363039016723633E-02
macco            7      23  0.1000000000000000E+01  512000      50  0.8749961853027344E-03  0.4287958145141602E-02  0.1294374465942383E-02
macco            8      23  0.1000000000000000E+01  512000      50  0.9019374847412109E-03  0.4287004470825195E-02  0.1309394836425781E-02
macco            9      23  0.1000000000000000E+01  512000      50  0.8730888366699219E-03  0.4287958145141602E-02  0.1353502273559570E-02
macco           10      23  0.1000000000000000E+01  512000      50  0.8819103240966797E-03  0.4307985305786133E-02  0.1309871673583984E-02
macco           11      23  0.1000000000000000E+01  512000      50  0.8840560913085938E-03  0.4309892654418945E-02  0.1390933990478516E-02
macco           12      23  0.1000000000000000E+01  512000      50  0.8800029754638672E-03  0.4311084747314453E-02  0.1304864883422852E-02
macco           13      23  0.1000000000000000E+01  512000      50  0.9000301361083984E-03  0.4312992095947266E-02  0.1323938369750977E-02
macco           14      23  0.1000000000000000E+01  512000      50  0.8790493011474609E-03  0.4314899444580078E-02  0.1333475112915039E-02
macco           15      23  0.1000000000000000E+01  512000      50  0.8859634399414062E-03  0.4317045211791992E-02  0.1328706741333008E-02
macco           16      23  0.1000000000000000E+01  512000      50  0.1118898391723633E-02  0.4315137863159180E-02  0.1548290252685547E-02
macco           17      23  0.1000000000000000E+01  512000      50  0.1118898391723633E-02  0.4321098327636719E-02  0.1544713973999023E-02
macco           18      23  0.1000000000000000E+01  512000      50  0.1118898391723633E-02  0.4326105117797852E-02  0.1578092575073242E-02
macco           19      23  0.1000000000000000E+01  512000      50  0.1120090484619141E-02  0.4329919815063477E-02  0.1533269882202148E-02
macco           20      23  0.1000000000000000E+01  512000      50  0.1128196716308594E-02  0.4333972930908203E-02  0.1237154006958008E-02
macco           21      23  0.1000000000000000E+01  512000      50  0.1128196716308594E-02  0.4334926605224609E-02  0.1241683959960938E-02
macco           22      23  0.1000000000000000E+01  512000      50  0.1127004623413086E-02  0.4336118698120117E-02  0.1225471496582031E-02
macco            0      24  0.1000000000000000E+01  512000      50  0.6690025329589844E-03  0.4383087158203125E-02  0.1586437225341797E-02
macco            1      24  0.1000000000000000E+01  512000      50  0.6759166717529297E-03  0.4385948181152344E-02  0.1592874526977539E-02
macco            2      24  0.1000000000000000E+01  512000      50  0.6599426269531250E-03  0.4387140274047852E-02  0.1568794250488281E-02
macco            3      24  0.1000000000000000E+01  512000      50  0.6659030914306641E-03  0.4388093948364258E-02  0.1655340194702148E-02
macco            4      24  0.1000000000000000E+01  512000      50  0.6618499755859375E-03  0.4389047622680664E-02  0.1589298248291016E-02
macco            5      24  0.1000000000000000E+01  512000      50  0.6730556488037109E-03  0.4389047622680664E-02  0.1606702804565430E-02
macco            6      24  0.1000000000000000E+01  512000      50  0.6599426269531250E-03  0.4392147064208984E-02  0.1621246337890625E-02
macco            7      24  0.1000000000000000E+01  512000      50  0.6759166717529297E-03  0.4393100738525391E-02  0.1668214797973633E-02
macco            8      24  0.1000000000000000E+01  512000      50  0.6799697875976562E-03  0.4394054412841797E-02  0.1600265502929688E-02
macco            9      24  0.1000000000000000E+01  512000      50  0.6721019744873047E-03  0.4395961761474609E-02  0.1678228378295898E-02
macco           10      24  0.1000000000000000E+01  512000      50  0.6768703460693359E-03  0.4395961761474609E-02  0.1606702804565430E-02
macco           11      24  0.1000000000000000E+01  512000      50  0.6790161132812500E-03  0.4399061203002930E-02  0.1617193222045898E-02
macco           12      24  0.1000000000000000E+01  512000      50  0.6670951843261719E-03  0.4400014877319336E-02  0.1654386520385742E-02
macco           13      24  0.1000000000000000E+01  512000      50  0.6740093231201172E-03  0.4401922225952148E-02  0.1626014709472656E-02
macco           14      24  0.1000000000000000E+01  512000      50  0.6630420684814453E-03  0.4402160644531250E-02  0.1607418060302734E-02
macco           15      24  0.1000000000000000E+01  512000      50  0.6780624389648438E-03  0.4403114318847656E-02  0.1615285873413086E-02
macco           16      24  0.1000000000000000E+01  512000      50  0.6020069122314453E-03  0.4403114318847656E-02  0.1766681671142578E-02
macco           17      24  0.1000000000000000E+01  512000      50  0.6020069122314453E-03  0.4403114318847656E-02  0.1788854598999023E-02
macco           18      24  0.1000000000000000E+01  512000      50  0.5769729614257812E-03  0.4404067993164062E-02  0.1756906509399414E-02
macco           19      24  0.1000000000000000E+01  512000      50  0.6020069122314453E-03  0.4404067993164062E-02  0.1794815063476562E-02
macco           20      24  0.1000000000000000E+01  512000      50  0.6120204925537109E-03  0.4405021667480469E-02  0.1929998397827148E-02
macco           21      24  0.1000000000000000E+01  512000      50  0.6120204925537109E-03  0.4405021667480469E-02  0.1948833465576172E-02
macco           22      24  0.1000000000000000E+01  512000      50  0.6110668182373047E-03  0.4405975341796875E-02  0.1950263977050781E-02
macco           23      24  0.1000000000000000E+01  512000      50  0.6120204925537109E-03  0.4405021667480469E-02  0.1968622207641602E-02
macco            0      25  0.1000000000000000E+01  512000      50  0.7259845733642578E-03  0.4383087158203125E-02  0.1455545425415039E-02
macco            1      25  0.1000000000000000E+01  512000      50  0.7390975952148438E-03  0.4385948181152344E-02  0.1469373703002930E-02
macco            2      25  0.1000000000000000E+01  512000      50  0.7400512695312500E-03  0.4384994506835938E-02  0.1468896865844727E-02
macco            3      25  0.1000000000000000E+01  512000      50  0.7369518280029297E-03  0.4389047622680664E-02  0.1515150070190430E-02
macco            4      25  0.1000000000000000E+01  512000      50  0.7369518280029297E-03  0.4389047622680664E-02  0.1496791839599609E-02
macco            5      25  0.1000000000000000E+01  512000      50  0.7390975952148438E-03  0.4393100738525391E-02  0.1542329788208008E-02
macco            6      25  0.1000000000000000E+01  512000      50  0.9160041809082031E-03  0.4209995269775391E-02  0.1365661621093750E-02
macco            7      25  0.1000000000000000E+01  512000      50  0.7379055023193359E-03  0.4397153854370117E-02  0.1495838165283203E-02
macco            8      25  0.1000000000000000E+01  512000      50  0.7469654083251953E-03  0.4398107528686523E-02  0.1468658447265625E-02
macco            9      25  0.1000000000000000E+01  512000      50  0.7410049438476562E-03  0.4399061203002930E-02  0.1502513885498047E-02
macco           10      25  0.1000000000000000E+01  512000      50  0.7309913635253906E-03  0.4403114318847656E-02  0.1535177230834961E-02
macco           11      25  0.1000000000000000E+01  512000      50  0.7319450378417969E-03  0.4404067993164062E-02  0.1509189605712891E-02
macco           12      25  0.1000000000000000E+01  512000      50  0.7460117340087891E-03  0.4405975341796875E-02  0.1507043838500977E-02
macco           13      25  0.1000000000000000E+01  512000      50  0.7450580596923828E-03  0.4408121109008789E-02  0.1553535461425781E-02
macco           14      25  0.1000000000000000E+01  512000      50  0.7419586181640625E-03  0.4410028457641602E-02  0.1510858535766602E-02
macco           15      25  0.1000000000000000E+01  512000      50  0.7309913635253906E-03  0.4411935806274414E-02  0.1567125320434570E-02
macco           16      25  0.1000000000000000E+01  512000      50  0.5769729614257812E-03  0.4411935806274414E-02  0.1398086547851562E-02
macco           17      25  0.1000000000000000E+01  512000      50  0.5729198455810547E-03  0.4411935806274414E-02  0.1475811004638672E-02
macco           18      25  0.1000000000000000E+01  512000      50  0.5741119384765625E-03  0.4413843154907227E-02  0.1424312591552734E-02
macco           19      25  0.1000000000000000E+01  512000      50  0.5731582641601562E-03  0.4415988922119141E-02  0.1411437988281250E-02
macco           20      25  0.1000000000000000E+01  512000      50  0.5781650543212891E-03  0.4417896270751953E-02  0.1469850540161133E-02
macco           21      25  0.1000000000000000E+01  512000      50  0.5819797515869141E-03  0.4419088363647461E-02  0.1482725143432617E-02
macco           22      25  0.1000000000000000E+01  512000      50  0.5819797515869141E-03  0.4420042037963867E-02  0.1487255096435547E-02
macco           23      25  0.1000000000000000E+01  512000      50  0.5750656127929688E-03  0.4420042037963867E-02  0.1509189605712891E-02
macco           24      25  0.1000000000000000E+01  512000      50  0.5819797515869141E-03  0.4420042037963867E-02  0.1467943191528320E-02
macco            0      26  0.1000000000000000E+01  512000      50  0.6010532379150391E-03  0.3824949264526367E-02  0.1208782196044922E-02
macco            1      26  0.1000000000000000E+01  512000      50  0.6179809570312500E-03  0.3828048706054688E-02  0.8871555328369141E-03
macco            2      26  0.1000000000000000E+01  512000      50  0.6270408630371094E-03  0.3829002380371094E-02  0.1228570938110352E-02
macco            3      26  0.1000000000000000E+01  512000      50  0.6208419799804688E-03  0.3830194473266602E-02  0.1248359680175781E-02
macco            4      26  0.1000000000000000E+01  512000      50  0.6098747253417969E-03  0.3832101821899414E-02  0.1218557357788086E-02
macco            5      26  0.1000000000000000E+01  512000      50  0.6248950958251953E-03  0.3833055496215820E-02  0.1286268234252930E-02
macco            6      26  0.1000000000000000E+01  512000      50  0.6167888641357422E-03  0.3834009170532227E-02  0.1245975494384766E-02
macco            7      26  0.1000000000000000E+01  512000      50  0.6239414215087891E-03  0.3835201263427734E-02  0.1232862472534180E-02
macco            8      26  0.1000000000000000E+01  512000      50  0.6251335144042969E-03  0.3834009170532227E-02  0.1250505447387695E-02
macco            9      26  0.1000000000000000E+01  512000      50  0.6279945373535156E-03  0.3836154937744141E-02  0.1287698745727539E-02
macco           10      26  0.1000000000000000E+01  512000      50  0.6270408630371094E-03  0.3834962844848633E-02  0.1232385635375977E-02
macco           11      26  0.1000000000000000E+01  512000      50  0.6229877471923828E-03  0.3835916519165039E-02  0.1283884048461914E-02
macco           12      26  0.1000000000000000E+01  512000      50  0.6229877471923828E-03  0.3837823867797852E-02  0.1259326934814453E-02
macco           13      26  0.1000000000000000E+01  512000      50  0.6189346313476562E-03  0.3841161727905273E-02  0.1286268234252930E-02
macco           14      26  0.1000000000000000E+01  512000      50  0.6411075592041016E-03  0.3840923309326172E-02  0.1293420791625977E-02
macco           15      26  0.1000000000000000E+01  512000      50  0.6399154663085938E-03  0.3844022750854492E-02  0.1261711120605469E-02
macco           16      26  0.1000000000000000E+01  512000      50  0.5431175231933594E-03  0.3842830657958984E-02  0.1432657241821289E-02
macco           17      26  0.1000000000000000E+01  512000      50  0.5397796630859375E-03  0.3844022750854492E-02  0.1467704772949219E-02
macco           18      26  0.1000000000000000E+01  512000      50  0.5471706390380859E-03  0.3842830657958984E-02  0.1457452774047852E-02
macco           19      26  0.1000000000000000E+01  512000      50  0.5400180816650391E-03  0.3842830657958984E-02  0.1473426818847656E-02
macco           20      26  0.1000000000000000E+01  512000      50  0.5459785461425781E-03  0.3845214843750000E-02  0.1471281051635742E-02
macco           21      26  0.1000000000000000E+01  512000      50  0.5447864532470703E-03  0.3847122192382812E-02  0.1410961151123047E-02
macco           22      26  0.1000000000000000E+01  512000      50  0.5459785461425781E-03  0.3847122192382812E-02  0.1433134078979492E-02
macco           23      26  0.1000000000000000E+01  512000      50  0.5421638488769531E-03  0.3845930099487305E-02  0.1425981521606445E-02
macco           24      26  0.1000000000000000E+01  512000      50  0.5428791046142578E-03  0.3847122192382812E-02  0.1446723937988281E-02
macco           25      26  0.1000000000000000E+01  512000      50  0.5459785461425781E-03  0.3847122192382812E-02  0.1437187194824219E-02
macco            0      27  0.1000000000000000E+01  512000      50  0.7460117340087891E-03  0.3714084625244141E-02  0.1147985458374023E-02
macco            1      27  0.1000000000000000E+01  512000      50  0.7669925689697266E-03  0.3715038299560547E-02  0.1172542572021484E-02
macco            2      27  0.1000000000000000E+01  512000      50  0.7669925689697266E-03  0.3715991973876953E-02  0.1127481460571289E-02
macco            3      27  0.1000000000000000E+01  512000      50  0.7669925689697266E-03  0.3718137741088867E-02  0.1182079315185547E-02
macco            4      27  0.1000000000000000E+01  512000      50  0.7679462432861328E-03  0.3719091415405273E-02  0.1168966293334961E-02
macco            5      27  0.1000000000000000E+01  512000      50  0.7669925689697266E-03  0.3720045089721680E-02  0.9188652038574219E-03
macco            6      27  0.1000000000000000E+01  512000      50  0.7658004760742188E-03  0.3722190856933594E-02  0.1155138015747070E-02
macco            7      27  0.1000000000000000E+01  512000      50  0.7569789886474609E-03  0.3723144531250000E-02  0.1122713088989258E-02
macco            8      27  0.1000000000000000E+01  512000      50  0.7708072662353516E-03  0.3724098205566406E-02  0.1176357269287109E-02
macco            9      27  0.1000000000000000E+01  512000      50  0.7698535919189453E-03  0.3726005554199219E-02  0.1170396804809570E-02
macco           10      27  0.1000000000000000E+01  512000      50  0.7679462432861328E-03  0.3727197647094727E-02  0.1166105270385742E-02
macco           11      27  0.1000000000000000E+01  512000      50  0.7569789886474609E-03  0.3731012344360352E-02  0.1183509826660156E-02
macco           12      27  0.1000000000000000E+01  512000      50  0.7698535919189453E-03  0.3731012344360352E-02  0.1188755035400391E-02
macco           13      27  0.1000000000000000E+01  512000      50  0.7619857788085938E-03  0.3733158111572266E-02  0.1166105270385742E-02
macco           14      27  0.1000000000000000E+01  512000      50  0.7708072662353516E-03  0.3735065460205078E-02  0.1166820526123047E-02
macco           15      27  0.1000000000000000E+01  512000      50  0.7669925689697266E-03  0.3736972808837891E-02  0.1199245452880859E-02
macco           16      27  0.1000000000000000E+01  512000      50  0.5099773406982422E-03  0.3736972808837891E-02  0.1269578933715820E-02
macco           17      27  0.1000000000000000E+01  512000      50  0.5090236663818359E-03  0.3737926483154297E-02  0.1332283020019531E-02
macco           18      27  0.1000000000000000E+01  512000      50  0.5059242248535156E-03  0.3736972808837891E-02  0.1347780227661133E-02
macco           19      27  0.1000000000000000E+01  512000      50  0.5090236663818359E-03  0.3738880157470703E-02  0.1306533813476562E-02
macco           20      27  0.1000000000000000E+01  512000      50  0.5090236663818359E-03  0.3738880157470703E-02  0.1338958740234375E-02
macco           21      27  0.1000000000000000E+01  512000      50  0.5090236663818359E-03  0.3738880157470703E-02  0.1334905624389648E-02
macco           22      27  0.1000000000000000E+01  512000      50  0.5011558532714844E-03  0.3741025924682617E-02  0.1276254653930664E-02
macco           23      27  0.1000000000000000E+01  512000      50  0.5018711090087891E-03  0.3743171691894531E-02  0.1232147216796875E-02
macco           24      27  0.1000000000000000E+01  512000      50  0.5030632019042969E-03  0.3741979598999023E-02  0.1224279403686523E-02
macco           25      27  0.1000000000000000E+01  512000      50  0.5030632019042969E-03  0.3741979598999023E-02  0.1239061355590820E-02
macco           26      27  0.1000000000000000E+01  512000      50  0.5030632019042969E-03  0.3741979598999023E-02  0.1216888427734375E-02
macco            0      28  0.1000000000000000E+01  512000      50  0.5960464477539062E-03  0.3576040267944336E-02  0.1313924789428711E-02
macco            1      28  0.1000000000000000E+01  512000      50  0.6129741668701172E-03  0.3579854965209961E-02  0.1235723495483398E-02
macco            2      28  0.1000000000000000E+01  512000      50  0.6151199340820312E-03  0.3580093383789062E-02  0.1272678375244141E-02
macco            3      28  0.1000000000000000E+01  512000      50  0.6151199340820312E-03  0.3582954406738281E-02  0.1276493072509766E-02
macco            4      28  0.1000000000000000E+01  512000      50  0.6151199340820312E-03  0.3583908081054688E-02  0.1259565353393555E-02
macco            5      28  0.1000000000000000E+01  512000      50  0.6101131439208984E-03  0.3586053848266602E-02  0.1244306564331055E-02
macco            6      28  0.1000000000000000E+01  512000      50  0.6151199340820312E-03  0.3587961196899414E-02  0.1236677169799805E-02
macco            7      28  0.1000000000000000E+01  512000      50  0.6141662597656250E-03  0.3589868545532227E-02  0.1272678375244141E-02
macco            8      28  0.1000000000000000E+01  512000      50  0.6189346313476562E-03  0.3589868545532227E-02  0.1262664794921875E-02
macco            9      28  0.1000000000000000E+01  512000      50  0.6120204925537109E-03  0.3593921661376953E-02  0.1292943954467773E-02
macco           10      28  0.1000000000000000E+01  512000      50  0.6151199340820312E-03  0.3594875335693359E-02  0.1300573348999023E-02
macco           11      28  0.1000000000000000E+01  512000      50  0.6179809570312500E-03  0.3597974777221680E-02  0.1234054565429688E-02
macco           12      28  0.1000000000000000E+01  512000      50  0.6170272827148438E-03  0.3597974777221680E-02  0.1256704330444336E-02
macco           13      28  0.1000000000000000E+01  512000      50  0.6179809570312500E-03  0.3600835800170898E-02  0.8807182312011719E-03
macco           14      28  0.1000000000000000E+01  512000      50  0.6189346313476562E-03  0.3601074218750000E-02  0.1258850097656250E-02
macco           15      28  0.1000000000000000E+01  512000      50  0.6179809570312500E-03  0.3603935241699219E-02  0.1265287399291992E-02
macco           16      28  0.1000000000000000E+01  512000      50  0.4971027374267578E-03  0.3602981567382812E-02  0.1394748687744141E-02
macco           17      28  0.1000000000000000E+01  512000      50  0.4940032958984375E-03  0.3603935241699219E-02  0.1365184783935547E-02
macco           18      28  0.1000000000000000E+01  512000      50  0.4980564117431641E-03  0.3602027893066406E-02  0.1372814178466797E-02
macco           19      28  0.1000000000000000E+01  512000      50  0.4971027374267578E-03  0.3602981567382812E-02  0.1383066177368164E-02
macco           20      28  0.1000000000000000E+01  512000      50  0.4971027374267578E-03  0.3603935241699219E-02  0.1403331756591797E-02
macco           21      28  0.1000000000000000E+01  512000      50  0.4961490631103516E-03  0.3605842590332031E-02  0.1367568969726562E-02
macco           22      28  0.1000000000000000E+01  512000      50  0.4861354827880859E-03  0.3607034683227539E-02  0.1251697540283203E-02
macco           23      28  0.1000000000000000E+01  512000      50  0.4880428314208984E-03  0.3607034683227539E-02  0.1299381256103516E-02
macco           24      28  0.1000000000000000E+01  512000      50  0.4889965057373047E-03  0.3607988357543945E-02  0.1339912414550781E-02
macco           25      28  0.1000000000000000E+01  512000      50  0.4851818084716797E-03  0.3608942031860352E-02  0.1295089721679688E-02
macco           26      28  0.1000000000000000E+01  512000      50  0.4889965057373047E-03  0.3608942031860352E-02  0.1273393630981445E-02
macco           27      28  0.1000000000000000E+01  512000      50  0.4880428314208984E-03  0.3609895706176758E-02  0.1307010650634766E-02
macco            0      29  0.1000000000000000E+01  512000      50  0.5929470062255859E-03  0.3506898880004883E-02  0.1165151596069336E-02
macco            1      29  0.1000000000000000E+01  512000      50  0.6160736083984375E-03  0.3511905670166016E-02  0.1231431961059570E-02
macco            2      29  0.1000000000000000E+01  512000      50  0.6110668182373047E-03  0.3510951995849609E-02  0.1229763031005859E-02
macco            3      29  0.1000000000000000E+01  512000      50  0.6110668182373047E-03  0.3515005111694336E-02  0.7965564727783203E-03
macco            4      29  0.1000000000000000E+01  512000      50  0.6229877471923828E-03  0.3515005111694336E-02  0.1231193542480469E-02
macco            5      29  0.1000000000000000E+01  512000      50  0.6129741668701172E-03  0.3517866134643555E-02  0.1291990280151367E-02
macco            6      29  0.1000000000000000E+01  512000      50  0.6198883056640625E-03  0.3518104553222656E-02  0.1240253448486328E-02
macco            7      29  0.1000000000000000E+01  512000      50  0.6229877471923828E-03  0.3519058227539062E-02  0.1238346099853516E-02
macco            8      29  0.1000000000000000E+01  512000      50  0.6098747253417969E-03  0.3520965576171875E-02  0.1232385635375977E-02
macco            9      29  0.1000000000000000E+01  512000      50  0.6160736083984375E-03  0.3521919250488281E-02  0.1204013824462891E-02
macco           10      29  0.1000000000000000E+01  512000      50  0.6170272827148438E-03  0.3522157669067383E-02  0.1218318939208984E-02
macco           11      29  0.1000000000000000E+01  512000      50  0.6129741668701172E-03  0.3525018692016602E-02  0.1267910003662109E-02
macco           12      29  0.1000000000000000E+01  512000      50  0.6129741668701172E-03  0.3524065017700195E-02  0.1281023025512695E-02
macco           13      29  0.1000000000000000E+01  512000      50  0.6160736083984375E-03  0.3528118133544922E-02  0.1219272613525391E-02
macco           14      29  0.1000000000000000E+01  512000      50  0.6120204925537109E-03  0.3528118133544922E-02  0.1297950744628906E-02
macco           15      29  0.1000000000000000E+01  512000      50  0.6160736083984375E-03  0.3530025482177734E-02  0.1266241073608398E-02
macco           16      29  0.1000000000000000E+01  512000      50  0.6330013275146484E-03  0.3530979156494141E-02  0.1246452331542969E-02
macco           17      29  0.1000000000000000E+01  512000      50  0.6268024444580078E-03  0.3533124923706055E-02  0.1265048980712891E-02
macco           18      29  0.1000000000000000E+01  512000      50  0.6341934204101562E-03  0.3531932830810547E-02  0.1279830932617188E-02
macco           19      29  0.1000000000000000E+01  512000      50  0.6370544433593750E-03  0.3531932830810547E-02  0.1278162002563477E-02
macco           20      29  0.1000000000000000E+01  512000      50  0.6320476531982422E-03  0.3531932830810547E-02  0.1278877258300781E-02
macco           21      29  0.1000000000000000E+01  512000      50  0.6279945373535156E-03  0.3532886505126953E-02  0.1257181167602539E-02
macco           22      29  0.1000000000000000E+01  512000      50  0.6389617919921875E-03  0.3530979156494141E-02  0.1220703125000000E-02
macco           23      29  0.1000000000000000E+01  512000      50  0.6270408630371094E-03  0.3532886505126953E-02  0.1239299774169922E-02
macco           24      29  0.1000000000000000E+01  512000      50  0.6370544433593750E-03  0.3533840179443359E-02  0.1241922378540039E-02
macco           25      29  0.1000000000000000E+01  512000      50  0.6351470947265625E-03  0.3533840179443359E-02  0.1248598098754883E-02
macco           26      29  0.1000000000000000E+01  512000      50  0.6361007690429688E-03  0.3534793853759766E-02  0.1278877258300781E-02
macco           27      29  0.1000000000000000E+01  512000      50  0.6251335144042969E-03  0.3534793853759766E-02  0.1304388046264648E-02
macco           28      29  0.1000000000000000E+01  512000      50  0.6361007690429688E-03  0.3534793853759766E-02  0.1285552978515625E-02
macco            0      30  0.1000000000000000E+01  512000      50  0.6110668182373047E-03  0.3359079360961914E-02  0.1177072525024414E-02
macco            1      30  0.1000000000000000E+01  512000      50  0.6299018859863281E-03  0.3360986709594727E-02  0.8139610290527344E-03
macco            2      30  0.1000000000000000E+01  512000      50  0.6349086761474609E-03  0.3361940383911133E-02  0.1208066940307617E-02
macco            3      30  0.1000000000000000E+01  512000      50  0.6339550018310547E-03  0.3362894058227539E-02  0.1249313354492188E-02
macco            4      30  0.1000000000000000E+01  512000      50  0.6349086761474609E-03  0.3364086151123047E-02  0.1214981079101562E-02
macco            5      30  0.1000000000000000E+01  512000      50  0.6299018859863281E-03  0.3364086151123047E-02  0.1228809356689453E-02
macco            6      30  0.1000000000000000E+01  512000      50  0.6308555603027344E-03  0.3365993499755859E-02  0.1203298568725586E-02
macco            7      30  0.1000000000000000E+01  512000      50  0.6299018859863281E-03  0.3367900848388672E-02  0.1233816146850586E-02
macco            8      30  0.1000000000000000E+01  512000      50  0.6349086761474609E-03  0.3368139266967773E-02  0.1244544982910156E-02
macco            9      30  0.1000000000000000E+01  512000      50  0.6279945373535156E-03  0.3371000289916992E-02  0.1223087310791016E-02
macco           10      30  0.1000000000000000E+01  512000      50  0.6349086761474609E-03  0.3371000289916992E-02  0.1210689544677734E-02
macco           11      30  0.1000000000000000E+01  512000      50  0.6289482116699219E-03  0.3375053405761719E-02  0.1246452331542969E-02
macco           12      30  0.1000000000000000E+01  512000      50  0.6349086761474609E-03  0.3374099731445312E-02  0.1301527023315430E-02
macco           13      30  0.1000000000000000E+01  512000      50  0.6339550018310547E-03  0.3377914428710938E-02  0.1214265823364258E-02
macco           14      30  0.1000000000000000E+01  512000      50  0.6339550018310547E-03  0.3377914428710938E-02  0.1264810562133789E-02
macco           15      30  0.1000000000000000E+01  512000      50  0.6339550018310547E-03  0.3381013870239258E-02  0.1260757446289062E-02
macco           16      30  0.1000000000000000E+01  512000      50  0.6179809570312500E-03  0.3380060195922852E-02  0.1318454742431641E-02
macco           17      30  0.1000000000000000E+01  512000      50  0.6170272827148438E-03  0.3383874893188477E-02  0.1335144042968750E-02
macco           18      30  0.1000000000000000E+01  512000      50  0.6179809570312500E-03  0.3386020660400391E-02  0.1350879669189453E-02
macco           19      30  0.1000000000000000E+01  512000      50  0.6170272827148438E-03  0.3391027450561523E-02  0.1313686370849609E-02
macco           20      30  0.1000000000000000E+01  512000      50  0.6189346313476562E-03  0.3391027450561523E-02  0.1311063766479492E-02
macco           21      30  0.1000000000000000E+01  512000      50  0.6170272827148438E-03  0.3395080566406250E-02  0.1318454742431641E-02
macco           22      30  0.1000000000000000E+01  512000      50  0.6189346313476562E-03  0.3396034240722656E-02  0.1315832138061523E-02
macco           23      30  0.1000000000000000E+01  512000      50  0.6129741668701172E-03  0.3399133682250977E-02  0.1197099685668945E-02
macco           24      30  0.1000000000000000E+01  512000      50  0.6139278411865234E-03  0.3400087356567383E-02  0.1212596893310547E-02
macco           25      30  0.1000000000000000E+01  512000      50  0.6120204925537109E-03  0.3401994705200195E-02  0.1188993453979492E-02
macco           26      30  0.1000000000000000E+01  512000      50  0.6129741668701172E-03  0.3402948379516602E-02  0.1191854476928711E-02
macco           27      30  0.1000000000000000E+01  512000      50  0.6129741668701172E-03  0.3401994705200195E-02  0.1254320144653320E-02
macco           28      30  0.1000000000000000E+01  512000      50  0.6120204925537109E-03  0.3403902053833008E-02  0.1231908798217773E-02
macco           29      30  0.1000000000000000E+01  512000      50  0.6120204925537109E-03  0.3403902053833008E-02  0.1210451126098633E-02
macco            0      31  0.1000000000000000E+01  512000      50  0.8499622344970703E-03  0.3129005432128906E-02  0.1043319702148438E-02
macco            1      31  0.1000000000000000E+01  512000      50  0.8630752563476562E-03  0.3130912780761719E-02  0.1030683517456055E-02
macco            2      31  0.1000000000000000E+01  512000      50  0.8609294891357422E-03  0.3130912780761719E-02  0.9796619415283203E-03
macco            3      31  0.1000000000000000E+01  512000      50  0.8640289306640625E-03  0.3134012222290039E-02  0.1004219055175781E-02
macco            4      31  0.1000000000000000E+01  512000      50  0.8678436279296875E-03  0.3133058547973633E-02  0.1004457473754883E-02
macco            5      31  0.1000000000000000E+01  512000      50  0.8618831634521484E-03  0.3135919570922852E-02  0.9799003601074219E-03
macco            6      31  0.1000000000000000E+01  512000      50  0.8668899536132812E-03  0.3140926361083984E-02  0.1010417938232422E-02
macco            7      31  0.1000000000000000E+01  512000      50  0.8549690246582031E-03  0.3144025802612305E-02  0.1032590866088867E-02
macco            8      31  0.1000000000000000E+01  512000      50  0.8640289306640625E-03  0.3143072128295898E-02  0.1024246215820312E-02
macco            9      31  0.1000000000000000E+01  512000      50  0.8649826049804688E-03  0.3144025802612305E-02  0.1014709472656250E-02
macco           10      31  0.1000000000000000E+01  512000      50  0.8640289306640625E-03  0.3147125244140625E-02  0.1111268997192383E-02
macco           11      31  0.1000000000000000E+01  512000      50  0.8599758148193359E-03  0.3149032592773438E-02  0.1027345657348633E-02
macco           12      31  0.1000000000000000E+01  512000      50  0.8649826049804688E-03  0.3149032592773438E-02  0.1031160354614258E-02
macco           13      31  0.1000000000000000E+01  512000      50  0.8640289306640625E-03  0.3149986267089844E-02  0.1033544540405273E-02
macco           14      31  0.1000000000000000E+01  512000      50  0.8640289306640625E-03  0.3153085708618164E-02  0.1009941101074219E-02
macco           15      31  0.1000000000000000E+01  512000      50  0.8640289306640625E-03  0.3154039382934570E-02  0.1090288162231445E-02
macco           16      31  0.1000000000000000E+01  512000      50  0.9238719940185547E-03  0.3154993057250977E-02  0.1066446304321289E-02
macco           17      31  0.1000000000000000E+01  512000      50  0.9379386901855469E-03  0.3155946731567383E-02  0.1066923141479492E-02
macco           18      31  0.1000000000000000E+01  512000      50  0.9148120880126953E-03  0.3154993057250977E-02  0.1062393188476562E-02
macco           19      31  0.1000000000000000E+01  512000      50  0.9238719940185547E-03  0.3155946731567383E-02  0.1137018203735352E-02
macco           20      31  0.1000000000000000E+01  512000      50  0.9410381317138672E-03  0.3154993057250977E-02  0.1060962677001953E-02
macco           21      31  0.1000000000000000E+01  512000      50  0.9188652038574219E-03  0.3156185150146484E-02  0.1090764999389648E-02
macco           22      31  0.1000000000000000E+01  512000      50  0.9338855743408203E-03  0.3156185150146484E-02  0.1147985458374023E-02
macco           23      31  0.1000000000000000E+01  512000      50  0.9338855743408203E-03  0.3157138824462891E-02  0.1094102859497070E-02
macco           24      31  0.1000000000000000E+01  512000      50  0.9150505065917969E-03  0.3156900405883789E-02  0.1063346862792969E-02
macco           25      31  0.1000000000000000E+01  512000      50  0.9279251098632812E-03  0.3157138824462891E-02  0.1112222671508789E-02
macco           26      31  0.1000000000000000E+01  512000      50  0.9279251098632812E-03  0.3158092498779297E-02  0.1110076904296875E-02
macco           27      31  0.1000000000000000E+01  512000      50  0.9229183197021484E-03  0.3159046173095703E-02  0.1141309738159180E-02
macco           28      31  0.1000000000000000E+01  512000      50  0.9341239929199219E-03  0.3157854080200195E-02  0.1060247421264648E-02
macco           29      31  0.1000000000000000E+01  512000      50  0.9188652038574219E-03  0.3159046173095703E-02  0.1136302947998047E-02
macco           30      31  0.1000000000000000E+01  512000      50  0.9319782257080078E-03  0.3159999847412109E-02  0.1130580902099609E-02
macco            0      32  0.1000000000000000E+01  512000      50  0.9500980377197266E-03  0.3046989440917969E-02  0.1057863235473633E-02
macco            1      32  0.1000000000000000E+01  512000      50  0.9820461273193359E-03  0.3046035766601562E-02  0.1083612442016602E-02
macco            2      32  0.1000000000000000E+01  512000      50  0.9720325469970703E-03  0.3051042556762695E-02  0.1076459884643555E-02
macco            3      32  0.1000000000000000E+01  512000      50  0.9779930114746094E-03  0.3050088882446289E-02  0.1031160354614258E-02
macco            4      32  0.1000000000000000E+01  512000      50  0.9820461273193359E-03  0.3053903579711914E-02  0.1073598861694336E-02
macco            5      32  0.1000000000000000E+01  512000      50  0.9820461273193359E-03  0.3055095672607422E-02  0.1095056533813477E-02
macco            6      32  0.1000000000000000E+01  512000      50  0.9810924530029297E-03  0.3057956695556641E-02  0.9789466857910156E-03
macco            7      32  0.1000000000000000E+01  512000      50  0.9789466857910156E-03  0.3057956695556641E-02  0.1004934310913086E-02
macco            8      32  0.1000000000000000E+01  512000      50  0.9770393371582031E-03  0.3062963485717773E-02  0.1051187515258789E-02
macco            9      32  0.1000000000000000E+01  512000      50  0.9729862213134766E-03  0.3063917160034180E-02  0.1055479049682617E-02
macco           10      32  0.1000000000000000E+01  512000      50  0.9810924530029297E-03  0.3066062927246094E-02  0.1069307327270508E-02
macco           11      32  0.1000000000000000E+01  512000      50  0.9760856628417969E-03  0.3066062927246094E-02  0.1150608062744141E-02
macco           12      32  0.1000000000000000E+01  512000      50  0.9748935699462891E-03  0.3067016601562500E-02  0.1066923141479492E-02
macco           13      32  0.1000000000000000E+01  512000      50  0.9820461273193359E-03  0.3070116043090820E-02  0.1031637191772461E-02
macco           14      32  0.1000000000000000E+01  512000      50  0.9770393371582031E-03  0.3072023391723633E-02  0.1093387603759766E-02
macco           15      32  0.1000000000000000E+01  512000      50  0.9820461273193359E-03  0.3072023391723633E-02  0.1081466674804688E-02
macco           16      32  0.1000000000000000E+01  512000      50  0.9551048278808594E-03  0.3073930740356445E-02  0.1063585281372070E-02
macco           17      32  0.1000000000000000E+01  512000      50  0.9551048278808594E-03  0.3072977066040039E-02  0.1070737838745117E-02
macco           18      32  0.1000000000000000E+01  512000      50  0.9531974792480469E-03  0.3074884414672852E-02  0.1093626022338867E-02
macco           19      32  0.1000000000000000E+01  512000      50  0.9529590606689453E-03  0.3073930740356445E-02  0.1065254211425781E-02
macco           20      32  0.1000000000000000E+01  512000      50  0.9560585021972656E-03  0.3073930740356445E-02  0.1103401184082031E-02
macco           21      32  0.1000000000000000E+01  512000      50  0.9570121765136719E-03  0.3073930740356445E-02  0.1034498214721680E-02
macco           22      32  0.1000000000000000E+01  512000      50  0.9431838989257812E-03  0.3075838088989258E-02  0.1017093658447266E-02
macco           23      32  0.1000000000000000E+01  512000      50  0.9529590606689453E-03  0.3075122833251953E-02  0.1044511795043945E-02
macco           24      32  0.1000000000000000E+01  512000      50  0.9629726409912109E-03  0.3075122833251953E-02  0.1141548156738281E-02
macco           25      32  0.1000000000000000E+01  512000      50  0.9629726409912109E-03  0.3076076507568359E-02  0.1111268997192383E-02
macco           26      32  0.1000000000000000E+01  512000      50  0.9610652923583984E-03  0.3078937530517578E-02  0.1111984252929688E-02
macco           27      32  0.1000000000000000E+01  512000      50  0.9469985961914062E-03  0.3077983856201172E-02  0.1073360443115234E-02
macco           28      32  0.1000000000000000E+01  512000      50  0.9579658508300781E-03  0.3077030181884766E-02  0.1106023788452148E-02
macco           29      32  0.1000000000000000E+01  512000      50  0.9479522705078125E-03  0.3078937530517578E-02  0.1026868820190430E-02
macco           30      32  0.1000000000000000E+01  512000      50  0.9529590606689453E-03  0.3079891204833984E-02  0.1087665557861328E-02
macco           31      32  0.1000000000000000E+01  512000      50  0.9620189666748047E-03  0.3078937530517578E-02  0.1029014587402344E-02
