upwind           0       1  0.1000000000000000E+01   64000      20  0.8831024169921875E-03  0.1710891723632812E-02  0.1192092895507812E-05
upwind           0       2  0.1000000000000000E+01  128000      20  0.9169578552246094E-03  0.2644062042236328E-02  0.7610321044921875E-03
upwind           1       2  0.1000000000000000E+01  128000      20  0.8909702301025391E-03  0.2656936645507812E-02  0.1416206359863281E-03
upwind           0       3  0.1000000000000000E+01  192000      20  0.6518363952636719E-03  0.2048969268798828E-02  0.2734661102294922E-03
upwind           1       3  0.1000000000000000E+01  192000      20  0.6749629974365234E-03  0.2055883407592773E-02  0.1490116119384766E-03
upwind           2       3  0.1000000000000000E+01  192000      20  0.6759166717529297E-03  0.2053022384643555E-02  0.1876354217529297E-03
upwind           0       4  0.1000000000000000E+01  256000      20  0.8640289306640625E-03  0.2241134643554688E-02  0.2675056457519531E-03
upwind           1       4  0.1000000000000000E+01  256000      20  0.9009838104248047E-03  0.2245903015136719E-02  0.3051757812500000E-03
upwind           2       4  0.1000000000000000E+01  256000      20  0.9069442749023438E-03  0.2249002456665039E-02  0.2589225769042969E-03
upwind           3       4  0.1000000000000000E+01  256000      20  0.9090900421142578E-03  0.2249002456665039E-02  0.2279281616210938E-03
upwind           0       5  0.1000000000000000E+01  320000      20  0.7438659667968750E-03  0.2201080322265625E-02  0.3015995025634766E-03
upwind           1       5  0.1000000000000000E+01  320000      20  0.7560253143310547E-03  0.2204895019531250E-02  0.2675056457519531E-03
upwind           2       5  0.1000000000000000E+01  320000      20  0.7541179656982422E-03  0.2208948135375977E-02  0.2279281616210938E-03
upwind           3       5  0.1000000000000000E+01  320000      20  0.7350444793701172E-03  0.2207994461059570E-02  0.2236366271972656E-03
upwind           4       5  0.1000000000000000E+01  320000      20  0.7569789886474609E-03  0.2208948135375977E-02  0.2214908599853516E-03
upwind           0       6  0.1000000000000000E+01  384000      20  0.8130073547363281E-03  0.2159118652343750E-02  0.1692771911621094E-03
upwind           1       6  0.1000000000000000E+01  384000      20  0.8230209350585938E-03  0.2161026000976562E-02  0.1738071441650391E-03
upwind           2       6  0.1000000000000000E+01  384000      20  0.8199214935302734E-03  0.2161026000976562E-02  0.1645088195800781E-03
upwind           3       6  0.1000000000000000E+01  384000      20  0.8170604705810547E-03  0.2161979675292969E-02  0.1726150512695312E-03
upwind           4       6  0.1000000000000000E+01  384000      20  0.8239746093750000E-03  0.2157926559448242E-02  0.3073215484619141E-03
upwind           5       6  0.1000000000000000E+01  384000      20  0.8249282836914062E-03  0.2157926559448242E-02  0.3201961517333984E-03
upwind           0       7  0.1000000000000000E+01  448000      20  0.8139610290527344E-03  0.2199172973632812E-02  0.2603530883789062E-03
upwind           1       7  0.1000000000000000E+01  448000      20  0.8308887481689453E-03  0.2203226089477539E-02  0.2288818359375000E-03
upwind           2       7  0.1000000000000000E+01  448000      20  0.8308887481689453E-03  0.2203226089477539E-02  0.2365112304687500E-03
upwind           3       7  0.1000000000000000E+01  448000      20  0.8318424224853516E-03  0.2201080322265625E-02  0.2636909484863281E-03
upwind           4       7  0.1000000000000000E+01  448000      20  0.8280277252197266E-03  0.2199888229370117E-02  0.2889633178710938E-03
upwind           5       7  0.1000000000000000E+01  448000      20  0.8258819580078125E-03  0.2201080322265625E-02  0.2775192260742188E-03
upwind           6       7  0.1000000000000000E+01  448000      20  0.8277893066406250E-03  0.2202033996582031E-02  0.2770423889160156E-03
upwind           0       8  0.1000000000000000E+01  512000      20  0.7631778717041016E-03  0.2406835556030273E-02  0.3249645233154297E-03
upwind           1       8  0.1000000000000000E+01  512000      20  0.8070468902587891E-03  0.2409934997558594E-02  0.3354549407958984E-03
upwind           2       8  0.1000000000000000E+01  512000      20  0.8041858673095703E-03  0.2405881881713867E-02  0.3705024719238281E-03
upwind           3       8  0.1000000000000000E+01  512000      20  0.8070468902587891E-03  0.2408981323242188E-02  0.3671646118164062E-03
upwind           4       8  0.1000000000000000E+01  512000      20  0.8070468902587891E-03  0.2405881881713867E-02  0.4305839538574219E-03
upwind           5       8  0.1000000000000000E+01  512000      20  0.8099079132080078E-03  0.2408027648925781E-02  0.4394054412841797E-03
upwind           6       8  0.1000000000000000E+01  512000      20  0.8120536804199219E-03  0.2406835556030273E-02  0.4374980926513672E-03
upwind           7       8  0.1000000000000000E+01  512000      20  0.8099079132080078E-03  0.2409934997558594E-02  0.3938674926757812E-03
upwind           0       9  0.1000000000000000E+01  576000      20  0.8661746978759766E-03  0.2213001251220703E-02  0.2799034118652344E-03
upwind           1       9  0.1000000000000000E+01  576000      20  0.8769035339355469E-03  0.2216100692749023E-02  0.2968311309814453E-03
upwind           2       9  0.1000000000000000E+01  576000      20  0.8778572082519531E-03  0.2220153808593750E-02  0.3082752227783203E-03
upwind           3       9  0.1000000000000000E+01  576000      20  0.8838176727294922E-03  0.2222061157226562E-02  0.2560615539550781E-03
upwind           4       9  0.1000000000000000E+01  576000      20  0.8759498596191406E-03  0.2223968505859375E-02  0.2617835998535156E-03
upwind           5       9  0.1000000000000000E+01  576000      20  0.8838176727294922E-03  0.2221107482910156E-02  0.3347396850585938E-03
upwind           6       9  0.1000000000000000E+01  576000      20  0.8869171142578125E-03  0.2220153808593750E-02  0.3628730773925781E-03
upwind           7       9  0.1000000000000000E+01  576000      20  0.8869171142578125E-03  0.2224206924438477E-02  0.2994537353515625E-03
upwind           8       9  0.1000000000000000E+01  576000      20  0.8850097656250000E-03  0.2221107482910156E-02  0.3736019134521484E-03
upwind           0      10  0.1000000000000000E+01  640000      20  0.9081363677978516E-03  0.2416849136352539E-02  0.4053115844726562E-03
upwind           1      10  0.1000000000000000E+01  640000      20  0.9269714355468750E-03  0.2419948577880859E-02  0.3664493560791016E-03
upwind           2      10  0.1000000000000000E+01  640000      20  0.9269714355468750E-03  0.2419948577880859E-02  0.4098415374755859E-03
upwind           3      10  0.1000000000000000E+01  640000      20  0.9269714355468750E-03  0.2423048019409180E-02  0.3695487976074219E-03
upwind           4      10  0.1000000000000000E+01  640000      20  0.9279251098632812E-03  0.2423048019409180E-02  0.3721714019775391E-03
upwind           5      10  0.1000000000000000E+01  640000      20  0.9241104125976562E-03  0.2421855926513672E-02  0.4005432128906250E-03
upwind           6      10  0.1000000000000000E+01  640000      20  0.9210109710693359E-03  0.2423048019409180E-02  0.4081726074218750E-03
upwind           7      10  0.1000000000000000E+01  640000      20  0.9210109710693359E-03  0.2423048019409180E-02  0.4074573516845703E-03
upwind           8      10  0.1000000000000000E+01  640000      20  0.9229183197021484E-03  0.2422094345092773E-02  0.4081726074218750E-03
upwind           9      10  0.1000000000000000E+01  640000      20  0.9219646453857422E-03  0.2424955368041992E-02  0.3676414489746094E-03
upwind           0      11  0.1000000000000000E+01  704000      20  0.9090900421142578E-03  0.2367973327636719E-02  0.3361701965332031E-03
upwind           1      11  0.1000000000000000E+01  704000      20  0.9491443634033203E-03  0.2370834350585938E-02  0.2810955047607422E-03
upwind           2      11  0.1000000000000000E+01  704000      20  0.9491443634033203E-03  0.2368927001953125E-02  0.3199577331542969E-03
upwind           3      11  0.1000000000000000E+01  704000      20  0.9372234344482422E-03  0.2372980117797852E-02  0.3216266632080078E-03
upwind           4      11  0.1000000000000000E+01  704000      20  0.9481906890869141E-03  0.2389907836914062E-02  0.2920627593994141E-03
upwind           5      11  0.1000000000000000E+01  704000      20  0.9481906890869141E-03  0.2390861511230469E-02  0.3328323364257812E-03
upwind           6      11  0.1000000000000000E+01  704000      20  0.9491443634033203E-03  0.2392768859863281E-02  0.4043579101562500E-03
upwind           7      11  0.1000000000000000E+01  704000      20  0.9508132934570312E-03  0.2392053604125977E-02  0.4394054412841797E-03
upwind           8      11  0.1000000000000000E+01  704000      20  0.9422302246093750E-03  0.2391815185546875E-02  0.4436969757080078E-03
upwind           9      11  0.1000000000000000E+01  704000      20  0.9481906890869141E-03  0.2391815185546875E-02  0.4472732543945312E-03
upwind          10      11  0.1000000000000000E+01  704000      20  0.9510517120361328E-03  0.2391815185546875E-02  0.4532337188720703E-03
upwind           0      12  0.1000000000000000E+01  768000      20  0.9388923645019531E-03  0.2439022064208984E-02  0.3652572631835938E-03
upwind           1      12  0.1000000000000000E+01  768000      20  0.9560585021972656E-03  0.2441883087158203E-02  0.3669261932373047E-03
upwind           2      12  0.1000000000000000E+01  768000      20  0.9598731994628906E-03  0.2444028854370117E-02  0.3910064697265625E-03
upwind           3      12  0.1000000000000000E+01  768000      20  0.9589195251464844E-03  0.2449035644531250E-02  0.3814697265625000E-03
upwind           4      12  0.1000000000000000E+01  768000      20  0.9570121765136719E-03  0.2451896667480469E-02  0.3290176391601562E-03
upwind           5      12  0.1000000000000000E+01  768000      20  0.9579658508300781E-03  0.2454042434692383E-02  0.3552436828613281E-03
upwind           6      12  0.1000000000000000E+01  768000      20  0.9598731994628906E-03  0.2452135086059570E-02  0.3724098205566406E-03
upwind           7      12  0.1000000000000000E+01  768000      20  0.9579658508300781E-03  0.2450942993164062E-02  0.4153251647949219E-03
upwind           8      12  0.1000000000000000E+01  768000      20  0.9579658508300781E-03  0.2452850341796875E-02  0.4272460937500000E-03
upwind           9      12  0.1000000000000000E+01  768000      20  0.9610652923583984E-03  0.2451896667480469E-02  0.4203319549560547E-03
upwind          10      12  0.1000000000000000E+01  768000      20  0.9591579437255859E-03  0.2452850341796875E-02  0.4227161407470703E-03
upwind          11      12  0.1000000000000000E+01  768000      20  0.9601116180419922E-03  0.2454042434692383E-02  0.4189014434814453E-03
upwind           0      13  0.1000000000000000E+01  832000      20  0.9260177612304688E-03  0.2542018890380859E-02  0.3366470336914062E-03
upwind           1      13  0.1000000000000000E+01  832000      20  0.9400844573974609E-03  0.2538919448852539E-02  0.4289150238037109E-03
upwind           2      13  0.1000000000000000E+01  832000      20  0.9391307830810547E-03  0.2541065216064453E-02  0.3988742828369141E-03
upwind           3      13  0.1000000000000000E+01  832000      20  0.9460449218750000E-03  0.2538919448852539E-02  0.4410743713378906E-03
upwind           4      13  0.1000000000000000E+01  832000      20  0.9369850158691406E-03  0.2538919448852539E-02  0.4415512084960938E-03
upwind           5      13  0.1000000000000000E+01  832000      20  0.9400844573974609E-03  0.2542972564697266E-02  0.3824234008789062E-03
upwind           6      13  0.1000000000000000E+01  832000      20  0.9379386901855469E-03  0.2539873123168945E-02  0.4115104675292969E-03
upwind           7      13  0.1000000000000000E+01  832000      20  0.9369850158691406E-03  0.2543926239013672E-02  0.4246234893798828E-03
upwind           8      13  0.1000000000000000E+01  832000      20  0.9489059448242188E-03  0.2538919448852539E-02  0.5254745483398438E-03
upwind           9      13  0.1000000000000000E+01  832000      20  0.9369850158691406E-03  0.2544879913330078E-02  0.4365444183349609E-03
upwind          10      13  0.1000000000000000E+01  832000      20  0.9450912475585938E-03  0.2541780471801758E-02  0.5228519439697266E-03
upwind          11      13  0.1000000000000000E+01  832000      20  0.9360313415527344E-03  0.2543926239013672E-02  0.4811286926269531E-03
upwind          12      13  0.1000000000000000E+01  832000      20  0.9469985961914062E-03  0.2544879913330078E-02  0.4830360412597656E-03
upwind           0      14  0.1000000000000000E+01  896000      20  0.9379386901855469E-03  0.2562999725341797E-02  0.4520416259765625E-03
upwind           1      14  0.1000000000000000E+01  896000      20  0.9520053863525391E-03  0.2568006515502930E-02  0.4105567932128906E-03
upwind           2      14  0.1000000000000000E+01  896000      20  0.9589195251464844E-03  0.2568006515502930E-02  0.4599094390869141E-03
upwind           3      14  0.1000000000000000E+01  896000      20  0.9500980377197266E-03  0.2573013305664062E-02  0.4243850708007812E-03
upwind           4      14  0.1000000000000000E+01  896000      20  0.9529590606689453E-03  0.2573966979980469E-02  0.4763603210449219E-03
upwind           5      14  0.1000000000000000E+01  896000      20  0.9551048278808594E-03  0.2578973770141602E-02  0.4279613494873047E-03
upwind           6      14  0.1000000000000000E+01  896000      20  0.9610652923583984E-03  0.2582073211669922E-02  0.4150867462158203E-03
upwind           7      14  0.1000000000000000E+01  896000      20  0.9570121765136719E-03  0.2584934234619141E-02  0.5166530609130859E-03
upwind           8      14  0.1000000000000000E+01  896000      20  0.9610652923583984E-03  0.2588033676147461E-02  0.5211830139160156E-03
upwind           9      14  0.1000000000000000E+01  896000      20  0.9591579437255859E-03  0.2594947814941406E-02  0.5350112915039062E-03
upwind          10      14  0.1000000000000000E+01  896000      20  0.9601116180419922E-03  0.2599000930786133E-02  0.5385875701904297E-03
upwind          11      14  0.1000000000000000E+01  896000      20  0.9570121765136719E-03  0.2604961395263672E-02  0.4513263702392578E-03
upwind          12      14  0.1000000000000000E+01  896000      20  0.9551048278808594E-03  0.2605915069580078E-02  0.4584789276123047E-03
upwind          13      14  0.1000000000000000E+01  896000      20  0.9591579437255859E-03  0.2601861953735352E-02  0.5366802215576172E-03
upwind           0      15  0.1000000000000000E+01  960000      20  0.2496910095214844E-01  0.2579927444458008E-02  0.3790855407714844E-03
upwind           1      15  0.1000000000000000E+01  960000      20  0.1158285140991211E-01  0.2582073211669922E-02  0.4372596740722656E-03
upwind           2      15  0.1000000000000000E+01  960000      20  0.2497506141662598E-01  0.2582788467407227E-02  0.4267692565917969E-03
upwind           3      15  0.1000000000000000E+01  960000      20  0.2497386932373047E-01  0.2588033676147461E-02  0.4377365112304688E-03
upwind           4      15  0.1000000000000000E+01  960000      20  0.2498912811279297E-01  0.2589941024780273E-02  0.4522800445556641E-03
upwind           5      15  0.1000000000000000E+01  960000      20  0.2497696876525879E-01  0.2593040466308594E-02  0.4389286041259766E-03
upwind           6      15  0.1000000000000000E+01  960000      20  0.2499222755432129E-01  0.2594947814941406E-02  0.4458427429199219E-03
upwind           7      15  0.1000000000000000E+01  960000      20  0.2497816085815430E-01  0.2596855163574219E-02  0.4467964172363281E-03
upwind           8      15  0.1000000000000000E+01  960000      20  0.2499604225158691E-01  0.2599000930786133E-02  0.4231929779052734E-03
upwind           9      15  0.1000000000000000E+01  960000      20  0.2498197555541992E-01  0.2599000930786133E-02  0.4689693450927734E-03
upwind          10      15  0.1000000000000000E+01  960000      20  0.2498221397399902E-01  0.2597808837890625E-02  0.4756450653076172E-03
upwind          11      15  0.1000000000000000E+01  960000      20  0.2499485015869141E-01  0.2600193023681641E-02  0.4675388336181641E-03
upwind          12      15  0.1000000000000000E+01  960000      20  0.2498412132263184E-01  0.2599000930786133E-02  0.4773139953613281E-03
upwind          13      15  0.1000000000000000E+01  960000      20  0.2498316764831543E-01  0.2599000930786133E-02  0.4739761352539062E-03
upwind          14      15  0.1000000000000000E+01  960000      20  0.2498698234558105E-01  0.2600193023681641E-02  0.4572868347167969E-03
upwind           0      16  0.1000000000000000E+01 1024000      20  0.1183032989501953E-02  0.2625942230224609E-02  0.4289150238037109E-03
upwind           1      16  0.1000000000000000E+01 1024000      20  0.1197099685668945E-02  0.2629995346069336E-02  0.4792213439941406E-03
upwind           2      16  0.1000000000000000E+01 1024000      20  0.1188039779663086E-02  0.2629995346069336E-02  0.4885196685791016E-03
upwind           3      16  0.1000000000000000E+01 1024000      20  0.1193046569824219E-02  0.2635002136230469E-02  0.4861354827880859E-03
upwind           4      16  0.1000000000000000E+01 1024000      20  0.1198053359985352E-02  0.2636909484863281E-02  0.4522800445556641E-03
upwind           5      16  0.1000000000000000E+01 1024000      20  0.1183986663818359E-02  0.2638101577758789E-02  0.4901885986328125E-03
upwind           6      16  0.1000000000000000E+01 1024000      20  0.1199960708618164E-02  0.2640008926391602E-02  0.4482269287109375E-03
upwind           7      16  0.1000000000000000E+01 1024000      20  0.1195907592773438E-02  0.2643108367919922E-02  0.4911422729492188E-03
upwind           8      16  0.1000000000000000E+01 1024000      20  0.1196146011352539E-02  0.2642869949340820E-02  0.4880428314208984E-03
upwind           9      16  0.1000000000000000E+01 1024000      20  0.1196146011352539E-02  0.2650022506713867E-02  0.4580020904541016E-03
upwind          10      16  0.1000000000000000E+01 1024000      20  0.1183032989501953E-02  0.2646923065185547E-02  0.4515647888183594E-03
upwind          11      16  0.1000000000000000E+01 1024000      20  0.1187086105346680E-02  0.2650022506713867E-02  0.5075931549072266E-03
upwind          12      16  0.1000000000000000E+01 1024000      20  0.1181125640869141E-02  0.2650022506713867E-02  0.5142688751220703E-03
upwind          13      16  0.1000000000000000E+01 1024000      20  0.1196861267089844E-02  0.2655982971191406E-02  0.4634857177734375E-03
upwind          14      16  0.1000000000000000E+01 1024000      20  0.1194000244140625E-02  0.2653837203979492E-02  0.4546642303466797E-03
upwind          15      16  0.1000000000000000E+01 1024000      20  0.1197099685668945E-02  0.2655029296875000E-02  0.5075931549072266E-03
upwind           0      17  0.1000000000000000E+01 1088000      20  0.1277923583984375E-02  0.2592086791992188E-02  0.4348754882812500E-03
upwind           1      17  0.1000000000000000E+01 1088000      20  0.1293897628784180E-02  0.2597093582153320E-02  0.3890991210937500E-03
upwind           2      17  0.1000000000000000E+01 1088000      20  0.1286983489990234E-02  0.2601861953735352E-02  0.4463195800781250E-03
upwind           3      17  0.1000000000000000E+01 1088000      20  0.1289844512939453E-02  0.2611160278320312E-02  0.4649162292480469E-03
upwind           4      17  0.1000000000000000E+01 1088000      20  0.1295089721679688E-02  0.2616882324218750E-02  0.4711151123046875E-03
upwind           5      17  0.1000000000000000E+01 1088000      20  0.1293897628784180E-02  0.2627134323120117E-02  0.3321170806884766E-03
upwind           6      17  0.1000000000000000E+01 1088000      20  0.1286029815673828E-02  0.2619028091430664E-02  0.4653930664062500E-03
upwind           7      17  0.1000000000000000E+01 1088000      20  0.1291990280151367E-02  0.2620220184326172E-02  0.4613399505615234E-03
upwind           8      17  0.1000000000000000E+01 1088000      20  0.1288890838623047E-02  0.2619028091430664E-02  0.4146099090576172E-03
upwind           9      17  0.1000000000000000E+01 1088000      20  0.1296997070312500E-02  0.2621173858642578E-02  0.4553794860839844E-03
upwind          10      17  0.1000000000000000E+01 1088000      20  0.1296043395996094E-02  0.2619028091430664E-02  0.4572868347167969E-03
upwind          11      17  0.1000000000000000E+01 1088000      20  0.1296997070312500E-02  0.2622127532958984E-02  0.4658699035644531E-03
upwind          12      17  0.1000000000000000E+01 1088000      20  0.1295089721679688E-02  0.2623081207275391E-02  0.4291534423828125E-03
upwind          13      17  0.1000000000000000E+01 1088000      20  0.1296997070312500E-02  0.2623081207275391E-02  0.4663467407226562E-03
upwind          14      17  0.1000000000000000E+01 1088000      20  0.1298189163208008E-02  0.2621889114379883E-02  0.4611015319824219E-03
upwind          15      17  0.1000000000000000E+01 1088000      20  0.1298189163208008E-02  0.2622842788696289E-02  0.4608631134033203E-03
upwind          16      17  0.1000000000000000E+01 1088000      20  0.1302003860473633E-02  0.2614974975585938E-02  0.6794929504394531E-03
upwind           0      18  0.1000000000000000E+01 1152000      20  0.1199960708618164E-02  0.2650022506713867E-02  0.4446506500244141E-03
upwind           1      18  0.1000000000000000E+01 1152000      20  0.1220941543579102E-02  0.2654075622558594E-02  0.5073547363281250E-03
upwind           2      18  0.1000000000000000E+01 1152000      20  0.1224994659423828E-02  0.2658128738403320E-02  0.4642009735107422E-03
upwind           3      18  0.1000000000000000E+01 1152000      20  0.1224994659423828E-02  0.2662181854248047E-02  0.4706382751464844E-03
upwind           4      18  0.1000000000000000E+01 1152000      20  0.1221895217895508E-02  0.2664089202880859E-02  0.5187988281250000E-03
upwind           5      18  0.1000000000000000E+01 1152000      20  0.1224040985107422E-02  0.2671003341674805E-02  0.5178451538085938E-03
upwind           6      18  0.1000000000000000E+01 1152000      20  0.1224994659423828E-02  0.2675056457519531E-02  0.5257129669189453E-03
upwind           7      18  0.1000000000000000E+01 1152000      20  0.1224994659423828E-02  0.2681016921997070E-02  0.5412101745605469E-03
upwind           8      18  0.1000000000000000E+01 1152000      20  0.1231908798217773E-02  0.2681016921997070E-02  0.4892349243164062E-03
upwind           9      18  0.1000000000000000E+01 1152000      20  0.1226902008056641E-02  0.2688169479370117E-02  0.4971027374267578E-03
upwind          10      18  0.1000000000000000E+01 1152000      20  0.1227855682373047E-02  0.2691030502319336E-02  0.5009174346923828E-03
upwind          11      18  0.1000000000000000E+01 1152000      20  0.1227855682373047E-02  0.2695083618164062E-02  0.4487037658691406E-03
upwind          12      18  0.1000000000000000E+01 1152000      20  0.1228809356689453E-02  0.2689123153686523E-02  0.5507469177246094E-03
upwind          13      18  0.1000000000000000E+01 1152000      20  0.1227855682373047E-02  0.2693176269531250E-02  0.5037784576416016E-03
upwind          14      18  0.1000000000000000E+01 1152000      20  0.1227855682373047E-02  0.2690076828002930E-02  0.5421638488769531E-03
upwind          15      18  0.1000000000000000E+01 1152000      20  0.1222848892211914E-02  0.2693176269531250E-02  0.5402565002441406E-03
upwind          16      18  0.1000000000000000E+01 1152000      20  0.1472949981689453E-02  0.2683162689208984E-02  0.8113384246826172E-03
upwind          17      18  0.1000000000000000E+01 1152000      20  0.1474142074584961E-02  0.2685070037841797E-02  0.8506774902343750E-03
upwind           0      19  0.1000000000000000E+01 1216000      20  0.1206159591674805E-02  0.2653837203979492E-02  0.4928112030029297E-03
upwind           1      19  0.1000000000000000E+01 1216000      20  0.1220941543579102E-02  0.2664089202880859E-02  0.5147457122802734E-03
upwind           2      19  0.1000000000000000E+01 1216000      20  0.1210212707519531E-02  0.2679824829101562E-02  0.5242824554443359E-03
upwind           3      19  0.1000000000000000E+01 1216000      20  0.1222848892211914E-02  0.2696990966796875E-02  0.5393028259277344E-03
upwind           4      19  0.1000000000000000E+01 1216000      20  0.1222133636474609E-02  0.2709865570068359E-02  0.5526542663574219E-03
upwind           5      19  0.1000000000000000E+01 1216000      20  0.1210927963256836E-02  0.2727985382080078E-02  0.5316734313964844E-03
upwind           6      19  0.1000000000000000E+01 1216000      20  0.1219034194946289E-02  0.2743959426879883E-02  0.4961490631103516E-03
upwind           7      19  0.1000000000000000E+01 1216000      20  0.1219034194946289E-02  0.2752065658569336E-02  0.5981922149658203E-03
upwind           8      19  0.1000000000000000E+01 1216000      20  0.1224040985107422E-02  0.2764940261840820E-02  0.5609989166259766E-03
upwind           9      19  0.1000000000000000E+01 1216000      20  0.1214981079101562E-02  0.2779006958007812E-02  0.6210803985595703E-03
upwind          10      19  0.1000000000000000E+01 1216000      20  0.1209020614624023E-02  0.2789974212646484E-02  0.6375312805175781E-03
upwind          11      19  0.1000000000000000E+01 1216000      20  0.1224040985107422E-02  0.2809047698974609E-02  0.6642341613769531E-03
upwind          12      19  0.1000000000000000E+01 1216000      20  0.1207113265991211E-02  0.2822875976562500E-02  0.6754398345947266E-03
upwind          13      19  0.1000000000000000E+01 1216000      20  0.1224994659423828E-02  0.2839088439941406E-02  0.7009506225585938E-03
upwind          14      19  0.1000000000000000E+01 1216000      20  0.1225233078002930E-02  0.2852916717529297E-02  0.6988048553466797E-03
upwind          15      19  0.1000000000000000E+01 1216000      20  0.1224994659423828E-02  0.2874135971069336E-02  0.6732940673828125E-03
upwind          16      19  0.1000000000000000E+01 1216000      20  0.1385927200317383E-02  0.2887964248657227E-02  0.9088516235351562E-03
upwind          17      19  0.1000000000000000E+01 1216000      20  0.1372098922729492E-02  0.2912998199462891E-02  0.9281635284423828E-03
upwind          18      19  0.1000000000000000E+01 1216000      20  0.1412868499755859E-02  0.2923011779785156E-02  0.4231929779052734E-03
upwind           0      20  0.1000000000000000E+01 1280000      20  0.1194000244140625E-02  0.2687931060791016E-02  0.5447864532470703E-03
upwind           1      20  0.1000000000000000E+01 1280000      20  0.1204967498779297E-02  0.2713918685913086E-02  0.4732608795166016E-03
upwind           2      20  0.1000000000000000E+01 1280000      20  0.1199960708618164E-02  0.2722024917602539E-02  0.5841255187988281E-03
upwind           3      20  0.1000000000000000E+01 1280000      20  0.1208066940307617E-02  0.2740859985351562E-02  0.5469322204589844E-03
upwind           4      20  0.1000000000000000E+01 1280000      20  0.1212120056152344E-02  0.2748966217041016E-02  0.5071163177490234E-03
upwind           5      20  0.1000000000000000E+01 1280000      20  0.1198053359985352E-02  0.2763032913208008E-02  0.5707740783691406E-03
upwind           6      20  0.1000000000000000E+01 1280000      20  0.1213073730468750E-02  0.2775907516479492E-02  0.6227493286132812E-03
upwind           7      20  0.1000000000000000E+01 1280000      20  0.1204967498779297E-02  0.2794027328491211E-02  0.6320476531982422E-03
upwind           8      20  0.1000000000000000E+01 1280000      20  0.1210927963256836E-02  0.2807140350341797E-02  0.6592273712158203E-03
upwind           9      20  0.1000000000000000E+01 1280000      20  0.1204967498779297E-02  0.2826929092407227E-02  0.6253719329833984E-03
upwind          10      20  0.1000000000000000E+01 1280000      20  0.1209020614624023E-02  0.2841949462890625E-02  0.7019042968750000E-03
upwind          11      20  0.1000000000000000E+01 1280000      20  0.1199960708618164E-02  0.2859115600585938E-02  0.7133483886718750E-03
upwind          12      20  0.1000000000000000E+01 1280000      20  0.1217126846313477E-02  0.2876996994018555E-02  0.7379055023193359E-03
upwind          13      20  0.1000000000000000E+01 1280000      20  0.1217126846313477E-02  0.2888917922973633E-02  0.7426738739013672E-03
upwind          14      20  0.1000000000000000E+01 1280000      20  0.1194000244140625E-02  0.2906799316406250E-02  0.7090568542480469E-03
upwind          15      20  0.1000000000000000E+01 1280000      20  0.1196146011352539E-02  0.2919912338256836E-02  0.7774829864501953E-03
upwind          16      20  0.1000000000000000E+01 1280000      20  0.1374006271362305E-02  0.2930164337158203E-02  0.5929470062255859E-03
upwind          17      20  0.1000000000000000E+01 1280000      20  0.1374959945678711E-02  0.2937078475952148E-02  0.6299018859863281E-03
upwind          18      20  0.1000000000000000E+01 1280000      20  0.1379966735839844E-02  0.2944946289062500E-02  0.4878044128417969E-03
upwind          19      20  0.1000000000000000E+01 1280000      20  0.1383066177368164E-02  0.2946138381958008E-02  0.4088878631591797E-03
upwind           0      21  0.1000000000000000E+01 1344000      20  0.1044988632202148E-02  0.2690076828002930E-02  0.4842281341552734E-03
upwind           1      21  0.1000000000000000E+01 1344000      20  0.1054048538208008E-02  0.2697944641113281E-02  0.5455017089843750E-03
upwind           2      21  0.1000000000000000E+01 1344000      20  0.1058816909790039E-02  0.2713203430175781E-02  0.5645751953125000E-03
upwind           3      21  0.1000000000000000E+01 1344000      20  0.1049995422363281E-02  0.2727031707763672E-02  0.5269050598144531E-03
upwind           4      21  0.1000000000000000E+01 1344000      20  0.1045942306518555E-02  0.2743005752563477E-02  0.5950927734375000E-03
upwind           5      21  0.1000000000000000E+01 1344000      20  0.1055955886840820E-02  0.2758979797363281E-02  0.5125999450683594E-03
upwind           6      21  0.1000000000000000E+01 1344000      20  0.1053094863891602E-02  0.2764940261840820E-02  0.6132125854492188E-03
upwind           7      21  0.1000000000000000E+01 1344000      20  0.1059055328369141E-02  0.2779006958007812E-02  0.6186962127685547E-03
upwind           8      21  0.1000000000000000E+01 1344000      20  0.1059055328369141E-02  0.2786874771118164E-02  0.6394386291503906E-03
upwind           9      21  0.1000000000000000E+01 1344000      20  0.1056194305419922E-02  0.2802848815917969E-02  0.6506443023681641E-03
upwind          10      21  0.1000000000000000E+01 1344000      20  0.1057863235473633E-02  0.2818107604980469E-02  0.6706714630126953E-03
upwind          11      21  0.1000000000000000E+01 1344000      20  0.1055002212524414E-02  0.2832174301147461E-02  0.5452632904052734E-03
upwind          12      21  0.1000000000000000E+01 1344000      20  0.1049995422363281E-02  0.2840042114257812E-02  0.5958080291748047E-03
upwind          13      21  0.1000000000000000E+01 1344000      20  0.1056909561157227E-02  0.2850055694580078E-02  0.6642341613769531E-03
upwind          14      21  0.1000000000000000E+01 1344000      20  0.1044988632202148E-02  0.2864122390747070E-02  0.6189346313476562E-03
upwind          15      21  0.1000000000000000E+01 1344000      20  0.1047849655151367E-02  0.2874135971069336E-02  0.7174015045166016E-03
upwind          16      21  0.1000000000000000E+01 1344000      20  0.1002073287963867E-02  0.2885818481445312E-02  0.7627010345458984E-03
upwind          17      21  0.1000000000000000E+01 1344000      20  0.1002073287963867E-02  0.2900838851928711E-02  0.7851123809814453E-03
upwind          18      21  0.1000000000000000E+01 1344000      20  0.9808540344238281E-03  0.2917051315307617E-02  0.6031990051269531E-03
upwind          19      21  0.1000000000000000E+01 1344000      20  0.1041173934936523E-02  0.2914905548095703E-02  0.4661083221435547E-03
upwind          20      21  0.1000000000000000E+01 1344000      20  0.1042127609252930E-02  0.2912998199462891E-02  0.5061626434326172E-03
upwind           0      22  0.1000000000000000E+01 1408000      20  0.1327991485595703E-02  0.2691030502319336E-02  0.5376338958740234E-03
upwind           1      22  0.1000000000000000E+01 1408000      20  0.1332998275756836E-02  0.2695083618164062E-02  0.4940032958984375E-03
upwind           2      22  0.1000000000000000E+01 1408000      20  0.1333951950073242E-02  0.2697944641113281E-02  0.5047321319580078E-03
upwind           3      22  0.1000000000000000E+01 1408000      20  0.1332044601440430E-02  0.2696990966796875E-02  0.5421638488769531E-03
upwind           4      22  0.1000000000000000E+01 1408000      20  0.1333951950073242E-02  0.2696990966796875E-02  0.5040168762207031E-03
upwind           5      22  0.1000000000000000E+01 1408000      20  0.1343965530395508E-02  0.2701997756958008E-02  0.5578994750976562E-03
upwind           6      22  0.1000000000000000E+01 1408000      20  0.1344919204711914E-02  0.2706050872802734E-02  0.5092620849609375E-03
upwind           7      22  0.1000000000000000E+01 1408000      20  0.1343965530395508E-02  0.2711057662963867E-02  0.4591941833496094E-03
upwind           8      22  0.1000000000000000E+01 1408000      20  0.1338005065917969E-02  0.2707004547119141E-02  0.5130767822265625E-03
upwind           9      22  0.1000000000000000E+01 1408000      20  0.1336812973022461E-02  0.2706050872802734E-02  0.5578994750976562E-03
upwind          10      22  0.1000000000000000E+01 1408000      20  0.1338958740234375E-02  0.2706050872802734E-02  0.5495548248291016E-03
upwind          11      22  0.1000000000000000E+01 1408000      20  0.1338958740234375E-02  0.2706050872802734E-02  0.5567073822021484E-03
upwind          12      22  0.1000000000000000E+01 1408000      20  0.1334905624389648E-02  0.2707958221435547E-02  0.5726814270019531E-03
upwind          13      22  0.1000000000000000E+01 1408000      20  0.1338005065917969E-02  0.2711057662963867E-02  0.5171298980712891E-03
upwind          14      22  0.1000000000000000E+01 1408000      20  0.1337051391601562E-02  0.2712011337280273E-02  0.5626678466796875E-03
upwind          15      22  0.1000000000000000E+01 1408000      20  0.1332998275756836E-02  0.2718925476074219E-02  0.4634857177734375E-03
upwind          16      22  0.1000000000000000E+01 1408000      20  0.1389980316162109E-02  0.2711057662963867E-02  0.6628036499023438E-03
upwind          17      22  0.1000000000000000E+01 1408000      20  0.1396894454956055E-02  0.2716064453125000E-02  0.5724430084228516E-03
upwind          18      22  0.1000000000000000E+01 1408000      20  0.1389980316162109E-02  0.2712011337280273E-02  0.6656646728515625E-03
upwind          19      22  0.1000000000000000E+01 1408000      20  0.1391887664794922E-02  0.2714157104492188E-02  0.6203651428222656E-03
upwind          20      22  0.1000000000000000E+01 1408000      20  0.1407861709594727E-02  0.2711057662963867E-02  0.7846355438232422E-03
upwind          21      22  0.1000000000000000E+01 1408000      20  0.1415014266967773E-02  0.2710103988647461E-02  0.7939338684082031E-03
upwind           0      23  0.1000000000000000E+01 1472000      20  0.1067876815795898E-02  0.2951145172119141E-02  0.8072853088378906E-03
upwind           1      23  0.1000000000000000E+01 1472000      20  0.1079797744750977E-02  0.2956151962280273E-02  0.7207393646240234E-03
upwind           2      23  0.1000000000000000E+01 1472000      20  0.1072883605957031E-02  0.2949953079223633E-02  0.8025169372558594E-03
upwind           3      23  0.1000000000000000E+01 1472000      20  0.1085042953491211E-02  0.2969980239868164E-02  0.7700920104980469E-03
upwind           4      23  0.1000000000000000E+01 1472000      20  0.1081943511962891E-02  0.3005981445312500E-02  0.8623600006103516E-03
upwind           5      23  0.1000000000000000E+01 1472000      20  0.1078128814697266E-02  0.3022909164428711E-02  0.8339881896972656E-03
upwind           6      23  0.1000000000000000E+01 1472000      20  0.1086950302124023E-02  0.3053903579711914E-02  0.8580684661865234E-03
upwind           7      23  0.1000000000000000E+01 1472000      20  0.1085996627807617E-02  0.3057003021240234E-02  0.9107589721679688E-03
upwind           8      23  0.1000000000000000E+01 1472000      20  0.1086950302124023E-02  0.3084897994995117E-02  0.9384155273437500E-03
upwind           9      23  0.1000000000000000E+01 1472000      20  0.1085042953491211E-02  0.3100872039794922E-02  0.9591579437255859E-03
upwind          10      23  0.1000000000000000E+01 1472000      20  0.1085042953491211E-02  0.3134965896606445E-02  0.9992122650146484E-03
upwind          11      23  0.1000000000000000E+01 1472000      20  0.1080989837646484E-02  0.3140926361083984E-02  0.9531974792480469E-03
upwind          12      23  0.1000000000000000E+01 1472000      20  0.1091957092285156E-02  0.3144025802612305E-02  0.9138584136962891E-03
upwind          13      23  0.1000000000000000E+01 1472000      20  0.1091003417968750E-02  0.3146886825561523E-02  0.1009702682495117E-02
upwind          14      23  0.1000000000000000E+01 1472000      20  0.1085996627807617E-02  0.3146886825561523E-02  0.1009464263916016E-02
upwind          15      23  0.1000000000000000E+01 1472000      20  0.1072883605957031E-02  0.3163099288940430E-02  0.1023292541503906E-02
upwind          16      23  0.1000000000000000E+01 1472000      20  0.1018047332763672E-02  0.3175973892211914E-02  0.1033544540405273E-02
upwind          17      23  0.1000000000000000E+01 1472000      20  0.1021146774291992E-02  0.3192901611328125E-02  0.1015901565551758E-02
upwind          18      23  0.1000000000000000E+01 1472000      20  0.1021146774291992E-02  0.3209829330444336E-02  0.1005172729492188E-02
upwind          19      23  0.1000000000000000E+01 1472000      20  0.1022100448608398E-02  0.3226041793823242E-02  0.1043558120727539E-02
upwind          20      23  0.1000000000000000E+01 1472000      20  0.1034975051879883E-02  0.3236055374145508E-02  0.8494853973388672E-03
upwind          21      23  0.1000000000000000E+01 1472000      20  0.1034021377563477E-02  0.3243923187255859E-02  0.7491111755371094E-03
upwind          22      23  0.1000000000000000E+01 1472000      20  0.1034021377563477E-02  0.3240823745727539E-02  0.7865428924560547E-03
upwind           0      24  0.1000000000000000E+01 1536000      20  0.1033067703247070E-02  0.2723932266235352E-02  0.5121231079101562E-03
upwind           1      24  0.1000000000000000E+01 1536000      20  0.1061916351318359E-02  0.2728223800659180E-02  0.5702972412109375E-03
upwind           2      24  0.1000000000000000E+01 1536000      20  0.1510143280029297E-02  0.2285957336425781E-02  0.5745887756347656E-04
upwind           3      24  0.1000000000000000E+01 1536000      20  0.1057863235473633E-02  0.2745151519775391E-02  0.5929470062255859E-03
upwind           4      24  0.1000000000000000E+01 1536000      20  0.1063108444213867E-02  0.2761840820312500E-02  0.6136894226074219E-03
upwind           5      24  0.1000000000000000E+01 1536000      20  0.1058816909790039E-02  0.2787113189697266E-02  0.6415843963623047E-03
upwind           6      24  0.1000000000000000E+01 1536000      20  0.1064062118530273E-02  0.2800941467285156E-02  0.5917549133300781E-03
upwind           7      24  0.1000000000000000E+01 1536000      20  0.1057147979736328E-02  0.2818822860717773E-02  0.6685256958007812E-03
upwind           8      24  0.1000000000000000E+01 1536000      20  0.1060962677001953E-02  0.2833843231201172E-02  0.6885528564453125E-03
upwind           9      24  0.1000000000000000E+01 1536000      20  0.1059770584106445E-02  0.2854108810424805E-02  0.6499290466308594E-03
upwind          10      24  0.1000000000000000E+01 1536000      20  0.1060962677001953E-02  0.2869844436645508E-02  0.7205009460449219E-03
upwind          11      24  0.1000000000000000E+01 1536000      20  0.1059770584106445E-02  0.2905130386352539E-02  0.7579326629638672E-03
upwind          12      24  0.1000000000000000E+01 1536000      20  0.1060962677001953E-02  0.2918004989624023E-02  0.6706714630126953E-03
upwind          13      24  0.1000000000000000E+01 1536000      20  0.1059770584106445E-02  0.2932071685791016E-02  0.7846355438232422E-03
upwind          14      24  0.1000000000000000E+01 1536000      20  0.1060962677001953E-02  0.2945899963378906E-02  0.8025169372558594E-03
upwind          15      24  0.1000000000000000E+01 1536000      20  0.1059770584106445E-02  0.2959012985229492E-02  0.8099079132080078E-03
upwind          16      24  0.1000000000000000E+01 1536000      20  0.1161813735961914E-02  0.2971172332763672E-02  0.7262229919433594E-03
upwind          17      24  0.1000000000000000E+01 1536000      20  0.1168966293334961E-02  0.2982139587402344E-02  0.7703304290771484E-03
upwind          18      24  0.1000000000000000E+01 1536000      20  0.1168966293334961E-02  0.2995014190673828E-02  0.7853507995605469E-03
upwind          19      24  0.1000000000000000E+01 1536000      20  0.1168966293334961E-02  0.3007173538208008E-02  0.7717609405517578E-03
upwind          20      24  0.1000000000000000E+01 1536000      20  0.1139879226684570E-02  0.3013134002685547E-02  0.5223751068115234E-03
upwind          21      24  0.1000000000000000E+01 1536000      20  0.1158952713012695E-02  0.3013134002685547E-02  0.5209445953369141E-03
upwind          22      24  0.1000000000000000E+01 1536000      20  0.1157999038696289E-02  0.3018140792846680E-02  0.5741119384765625E-03
upwind          23      24  0.1000000000000000E+01 1536000      20  0.1157999038696289E-02  0.3020048141479492E-02  0.5059242248535156E-03
upwind           0      25  0.1000000000000000E+01 1600000      20  0.1095056533813477E-02  0.2822875976562500E-02  0.6711483001708984E-03
upwind           1      25  0.1000000000000000E+01 1600000      20  0.1111984252929688E-02  0.2827882766723633E-02  0.6814002990722656E-03
upwind           2      25  0.1000000000000000E+01 1600000      20  0.1113891601562500E-02  0.2835988998413086E-02  0.6852149963378906E-03
upwind           3      25  0.1000000000000000E+01 1600000      20  0.1112937927246094E-02  0.2843856811523438E-02  0.6487369537353516E-03
upwind           4      25  0.1000000000000000E+01 1600000      20  0.1101016998291016E-02  0.2861976623535156E-02  0.7255077362060547E-03
upwind           5      25  0.1000000000000000E+01 1600000      20  0.1103162765502930E-02  0.2875804901123047E-02  0.7407665252685547E-03
upwind           6      25  0.1000000000000000E+01 1600000      20  0.1106023788452148E-02  0.2887010574340820E-02  0.7014274597167969E-03
upwind           7      25  0.1000000000000000E+01 1600000      20  0.1109123229980469E-02  0.2899885177612305E-02  0.7543563842773438E-03
upwind           8      25  0.1000000000000000E+01 1600000      20  0.1113891601562500E-02  0.2913951873779297E-02  0.6728172302246094E-03
upwind           9      25  0.1000000000000000E+01 1600000      20  0.1105070114135742E-02  0.2928018569946289E-02  0.7338523864746094E-03
upwind          10      25  0.1000000000000000E+01 1600000      20  0.1110076904296875E-02  0.2939939498901367E-02  0.6976127624511719E-03
upwind          11      25  0.1000000000000000E+01 1600000      20  0.1106023788452148E-02  0.2954006195068359E-02  0.8034706115722656E-03
upwind          12      25  0.1000000000000000E+01 1600000      20  0.1112937927246094E-02  0.2974987030029297E-02  0.7834434509277344E-03
upwind          13      25  0.1000000000000000E+01 1600000      20  0.1104116439819336E-02  0.2987861633300781E-02  0.7934570312500000E-03
upwind          14      25  0.1000000000000000E+01 1600000      20  0.1112937927246094E-02  0.3015995025634766E-02  0.8752346038818359E-03
upwind          15      25  0.1000000000000000E+01 1600000      20  0.1103162765502930E-02  0.3031015396118164E-02  0.8924007415771484E-03
upwind          16      25  0.1000000000000000E+01 1600000      20  0.1000881195068359E-02  0.3046035766601562E-02  0.8254051208496094E-03
upwind          17      25  0.1000000000000000E+01 1600000      20  0.9958744049072266E-03  0.3062009811401367E-02  0.7975101470947266E-03
upwind          18      25  0.1000000000000000E+01 1600000      20  0.1000881195068359E-02  0.3072023391723633E-02  0.8583068847656250E-03
upwind          19      25  0.1000000000000000E+01 1600000      20  0.9908676147460938E-03  0.3076076507568359E-02  0.8754730224609375E-03
upwind          20      25  0.1000000000000000E+01 1600000      20  0.1000881195068359E-02  0.3108978271484375E-02  0.8442401885986328E-03
upwind          21      25  0.1000000000000000E+01 1600000      20  0.1008987426757812E-02  0.3098011016845703E-02  0.6239414215087891E-03
upwind          22      25  0.1000000000000000E+01 1600000      20  0.1005172729492188E-02  0.3098011016845703E-02  0.6377696990966797E-03
upwind          23      25  0.1000000000000000E+01 1600000      20  0.1007795333862305E-02  0.3098011016845703E-02  0.6761550903320312E-03
upwind          24      25  0.1000000000000000E+01 1600000      20  0.1007795333862305E-02  0.3099203109741211E-02  0.6642341613769531E-03
upwind           0      26  0.1000000000000000E+01 1664000      20  0.1047134399414062E-02  0.2944946289062500E-02  0.6463527679443359E-03
upwind           1      26  0.1000000000000000E+01 1664000      20  0.1069068908691406E-02  0.2939939498901367E-02  0.7884502410888672E-03
upwind           2      26  0.1000000000000000E+01 1664000      20  0.1076936721801758E-02  0.2938985824584961E-02  0.7908344268798828E-03
upwind           3      26  0.1000000000000000E+01 1664000      20  0.1070022583007812E-02  0.2939939498901367E-02  0.7789134979248047E-03
upwind           4      26  0.1000000000000000E+01 1664000      20  0.1081943511962891E-02  0.2939939498901367E-02  0.8025169372558594E-03
upwind           5      26  0.1000000000000000E+01 1664000      20  0.1075029373168945E-02  0.2943992614746094E-02  0.7505416870117188E-03
upwind           6      26  0.1000000000000000E+01 1664000      20  0.1081943511962891E-02  0.2943038940429688E-02  0.7441043853759766E-03
upwind           7      26  0.1000000000000000E+01 1664000      20  0.1069068908691406E-02  0.2941846847534180E-02  0.7934570312500000E-03
upwind           8      26  0.1000000000000000E+01 1664000      20  0.1082181930541992E-02  0.2942800521850586E-02  0.7920265197753906E-03
upwind           9      26  0.1000000000000000E+01 1664000      20  0.1080989837646484E-02  0.2943992614746094E-02  0.7958412170410156E-03
upwind          10      26  0.1000000000000000E+01 1664000      20  0.1078128814697266E-02  0.2941846847534180E-02  0.8003711700439453E-03
upwind          11      26  0.1000000000000000E+01 1664000      20  0.1070976257324219E-02  0.2942800521850586E-02  0.8027553558349609E-03
upwind          12      26  0.1000000000000000E+01 1664000      20  0.1083135604858398E-02  0.2944946289062500E-02  0.7541179656982422E-03
upwind          13      26  0.1000000000000000E+01 1664000      20  0.1070976257324219E-02  0.2945899963378906E-02  0.7572174072265625E-03
upwind          14      26  0.1000000000000000E+01 1664000      20  0.1067161560058594E-02  0.2946853637695312E-02  0.7569789886474609E-03
upwind          15      26  0.1000000000000000E+01 1664000      20  0.1063823699951172E-02  0.2947092056274414E-02  0.8020401000976562E-03
upwind          16      26  0.1000000000000000E+01 1664000      20  0.1103878021240234E-02  0.2943992614746094E-02  0.8857250213623047E-03
upwind          17      26  0.1000000000000000E+01 1664000      20  0.1102924346923828E-02  0.2947092056274414E-02  0.8435249328613281E-03
upwind          18      26  0.1000000000000000E+01 1664000      20  0.1103878021240234E-02  0.2943992614746094E-02  0.8909702301025391E-03
upwind          19      26  0.1000000000000000E+01 1664000      20  0.1102924346923828E-02  0.2946138381958008E-02  0.8943080902099609E-03
upwind          20      26  0.1000000000000000E+01 1664000      20  0.1102924346923828E-02  0.2946138381958008E-02  0.8997917175292969E-03
upwind          21      26  0.1000000000000000E+01 1664000      20  0.1109838485717773E-02  0.2946138381958008E-02  0.9751319885253906E-03
upwind          22      26  0.1000000000000000E+01 1664000      20  0.1108884811401367E-02  0.2944946289062500E-02  0.1021146774291992E-02
upwind          23      26  0.1000000000000000E+01 1664000      20  0.1109838485717773E-02  0.2944946289062500E-02  0.1021146774291992E-02
upwind          24      26  0.1000000000000000E+01 1664000      20  0.1109838485717773E-02  0.2946138381958008E-02  0.1019001007080078E-02
upwind          25      26  0.1000000000000000E+01 1664000      20  0.1108884811401367E-02  0.2945899963378906E-02  0.1022815704345703E-02
upwind           0      27  0.1000000000000000E+01 1728000      20  0.1066923141479492E-02  0.2708911895751953E-02  0.5450248718261719E-03
upwind           1      27  0.1000000000000000E+01 1728000      20  0.1081943511962891E-02  0.2722978591918945E-02  0.5676746368408203E-03
upwind           2      27  0.1000000000000000E+01 1728000      20  0.1067876815795898E-02  0.2752065658569336E-02  0.5972385406494141E-03
upwind           3      27  0.1000000000000000E+01 1728000      20  0.1075029373168945E-02  0.2778053283691406E-02  0.5159378051757812E-03
upwind           4      27  0.1000000000000000E+01 1728000      20  0.1084089279174805E-02  0.2769947052001953E-02  0.5161762237548828E-03
upwind           5      27  0.1000000000000000E+01 1728000      20  0.1085042953491211E-02  0.2782821655273438E-02  0.6303787231445312E-03
upwind           6      27  0.1000000000000000E+01 1728000      20  0.1075983047485352E-02  0.2810001373291016E-02  0.6041526794433594E-03
upwind           7      27  0.1000000000000000E+01 1728000      20  0.1073122024536133E-02  0.2826929092407227E-02  0.6179809570312500E-03
upwind           8      27  0.1000000000000000E+01 1728000      20  0.1080989837646484E-02  0.2825975418090820E-02  0.4847049713134766E-03
upwind           9      27  0.1000000000000000E+01 1728000      20  0.1078128814697266E-02  0.2835035324096680E-02  0.6892681121826172E-03
upwind          10      27  0.1000000000000000E+01 1728000      20  0.1067876815795898E-02  0.2862930297851562E-02  0.7205009460449219E-03
upwind          11      27  0.1000000000000000E+01 1728000      20  0.1067876815795898E-02  0.2882957458496094E-02  0.7364749908447266E-03
upwind          12      27  0.1000000000000000E+01 1728000      20  0.1082897186279297E-02  0.2882957458496094E-02  0.7481575012207031E-03
upwind          13      27  0.1000000000000000E+01 1728000      20  0.1083135604858398E-02  0.2902030944824219E-02  0.7555484771728516E-03
upwind          14      27  0.1000000000000000E+01 1728000      20  0.1543998718261719E-02  0.2453088760375977E-02  0.3249645233154297E-03
upwind          15      27  0.1000000000000000E+01 1728000      20  0.1546859741210938E-02  0.2465963363647461E-02  0.3416538238525391E-03
upwind          16      27  0.1000000000000000E+01 1728000      20  0.1104116439819336E-02  0.2939939498901367E-02  0.5519390106201172E-03
upwind          17      27  0.1000000000000000E+01 1728000      20  0.1102924346923828E-02  0.2947092056274414E-02  0.4675388336181641E-03
upwind          18      27  0.1000000000000000E+01 1728000      20  0.1090049743652344E-02  0.2953052520751953E-02  0.6160736083984375E-03
upwind          19      27  0.1000000000000000E+01 1728000      20  0.1089096069335938E-02  0.2954006195068359E-02  0.6120204925537109E-03
upwind          20      27  0.1000000000000000E+01 1728000      20  0.1104116439819336E-02  0.2939939498901367E-02  0.6148815155029297E-03
upwind          21      27  0.1000000000000000E+01 1728000      20  0.1102924346923828E-02  0.2941131591796875E-02  0.5981922149658203E-03
upwind          22      27  0.1000000000000000E+01 1728000      20  0.1101016998291016E-02  0.2957820892333984E-02  0.5760192871093750E-03
upwind          23      27  0.1000000000000000E+01 1728000      20  0.1115798950195312E-02  0.2943992614746094E-02  0.5652904510498047E-03
upwind          24      27  0.1000000000000000E+01 1728000      20  0.1101016998291016E-02  0.2959966659545898E-02  0.5912780761718750E-03
upwind          25      27  0.1000000000000000E+01 1728000      20  0.1115798950195312E-02  0.2945184707641602E-02  0.5602836608886719E-03
upwind          26      27  0.1000000000000000E+01 1728000      20  0.1580953598022461E-02  0.2477884292602539E-02  0.1585483551025391E-03
upwind           0      28  0.1000000000000000E+01 1792000      20  0.1077175140380859E-02  0.2987861633300781E-02  0.8392333984375000E-03
upwind           1      28  0.1000000000000000E+01 1792000      20  0.1080989837646484E-02  0.2999067306518555E-02  0.7491111755371094E-03
upwind           2      28  0.1000000000000000E+01 1792000      20  0.1085996627807617E-02  0.3002882003784180E-02  0.6654262542724609E-03
upwind           3      28  0.1000000000000000E+01 1792000      20  0.1083850860595703E-02  0.2997159957885742E-02  0.7958412170410156E-03
upwind           4      28  0.1000000000000000E+01 1792000      20  0.1082897186279297E-02  0.2995014190673828E-02  0.8556842803955078E-03
upwind           5      28  0.1000000000000000E+01 1792000      20  0.1084804534912109E-02  0.2998113632202148E-02  0.8029937744140625E-03
upwind           6      28  0.1000000000000000E+01 1792000      20  0.1085996627807617E-02  0.2995014190673828E-02  0.8468627929687500E-03
upwind           7      28  0.1000000000000000E+01 1792000      20  0.1077890396118164E-02  0.3002166748046875E-02  0.7541179656982422E-03
upwind           8      28  0.1000000000000000E+01 1792000      20  0.1074075698852539E-02  0.3001928329467773E-02  0.7693767547607422E-03
upwind           9      28  0.1000000000000000E+01 1792000      20  0.1074790954589844E-02  0.2998113632202148E-02  0.8606910705566406E-03
upwind          10      28  0.1000000000000000E+01 1792000      20  0.1085042953491211E-02  0.2998828887939453E-02  0.8118152618408203E-03
upwind          11      28  0.1000000000000000E+01 1792000      20  0.1081943511962891E-02  0.3000974655151367E-02  0.8196830749511719E-03
upwind          12      28  0.1000000000000000E+01 1792000      20  0.1072883605957031E-02  0.2999067306518555E-02  0.8652210235595703E-03
upwind          13      28  0.1000000000000000E+01 1792000      20  0.1086950302124023E-02  0.2999067306518555E-02  0.8604526519775391E-03
upwind          14      28  0.1000000000000000E+01 1792000      20  0.1086950302124023E-02  0.3002166748046875E-02  0.8113384246826172E-03
upwind          15      28  0.1000000000000000E+01 1792000      20  0.1085996627807617E-02  0.3003120422363281E-02  0.8120536804199219E-03
upwind          16      28  0.1000000000000000E+01 1792000      20  0.1041889190673828E-02  0.3005027770996094E-02  0.7774829864501953E-03
upwind          17      28  0.1000000000000000E+01 1792000      20  0.1040935516357422E-02  0.3002882003784180E-02  0.8246898651123047E-03
upwind          18      28  0.1000000000000000E+01 1792000      20  0.1038074493408203E-02  0.3007888793945312E-02  0.7390975952148438E-03
upwind          19      28  0.1000000000000000E+01 1792000      20  0.1039981842041016E-02  0.3002882003784180E-02  0.8695125579833984E-03
upwind          20      28  0.1000000000000000E+01 1792000      20  0.1041889190673828E-02  0.3003120422363281E-02  0.8258819580078125E-03
upwind          21      28  0.1000000000000000E+01 1792000      20  0.1040935516357422E-02  0.3005027770996094E-02  0.8239746093750000E-03
upwind          22      28  0.1000000000000000E+01 1792000      20  0.1049041748046875E-02  0.3000974655151367E-02  0.9684562683105469E-03
upwind          23      28  0.1000000000000000E+01 1792000      20  0.1054048538208008E-02  0.3000974655151367E-02  0.1004695892333984E-02
upwind          24      28  0.1000000000000000E+01 1792000      20  0.1053094863891602E-02  0.3005981445312500E-02  0.9312629699707031E-03
upwind          25      28  0.1000000000000000E+01 1792000      20  0.1053094863891602E-02  0.3001928329467773E-02  0.1005411148071289E-02
upwind          26      28  0.1000000000000000E+01 1792000      20  0.1053094863891602E-02  0.3002882003784180E-02  0.1024484634399414E-02
upwind          27      28  0.1000000000000000E+01 1792000      20  0.1044034957885742E-02  0.3002882003784180E-02  0.1005887985229492E-02
upwind           0      29  0.1000000000000000E+01 1856000      20  0.1322031021118164E-02  0.2573966979980469E-02  0.4224777221679688E-03
upwind           1      29  0.1000000000000000E+01 1856000      20  0.1332044601440430E-02  0.2580881118774414E-02  0.3788471221923828E-03
upwind           2      29  0.1000000000000000E+01 1856000      20  0.1291036605834961E-02  0.2624034881591797E-02  0.4563331604003906E-03
upwind           3      29  0.1000000000000000E+01 1856000      20  0.1290082931518555E-02  0.2631902694702148E-02  0.4658699035644531E-03
upwind           4      29  0.1000000000000000E+01 1856000      20  0.1291036605834961E-02  0.2636909484863281E-02  0.4868507385253906E-03
upwind           5      29  0.1000000000000000E+01 1856000      20  0.1290082931518555E-02  0.2643823623657227E-02  0.4928112030029297E-03
upwind           6      29  0.1000000000000000E+01 1856000      20  0.1291036605834961E-02  0.2648830413818359E-02  0.4448890686035156E-03
upwind           7      29  0.1000000000000000E+01 1856000      20  0.1290082931518555E-02  0.2652883529663086E-02  0.4940032958984375E-03
upwind           8      29  0.1000000000000000E+01 1856000      20  0.1331090927124023E-02  0.2615928649902344E-02  0.3776550292968750E-03
upwind           9      29  0.1000000000000000E+01 1856000      20  0.1330137252807617E-02  0.2616882324218750E-02  0.3731250762939453E-03
upwind          10      29  0.1000000000000000E+01 1856000      20  0.1290082931518555E-02  0.2657890319824219E-02  0.4148483276367188E-03
upwind          11      29  0.1000000000000000E+01 1856000      20  0.1289129257202148E-02  0.2653837203979492E-02  0.5049705505371094E-03
upwind          12      29  0.1000000000000000E+01 1856000      20  0.1289129257202148E-02  0.2653837203979492E-02  0.5075931549072266E-03
upwind          13      29  0.1000000000000000E+01 1856000      20  0.1289129257202148E-02  0.2655029296875000E-02  0.5059242248535156E-03
upwind          14      29  0.1000000000000000E+01 1856000      20  0.1289129257202148E-02  0.2655029296875000E-02  0.4982948303222656E-03
upwind          15      29  0.1000000000000000E+01 1856000      20  0.1288175582885742E-02  0.2659797668457031E-02  0.4656314849853516E-03
upwind          16      29  0.1000000000000000E+01 1856000      20  0.1070022583007812E-02  0.2613067626953125E-02  0.5252361297607422E-03
upwind          17      29  0.1000000000000000E+01 1856000      20  0.1060962677001953E-02  0.2614974975585938E-02  0.5104541778564453E-03
upwind          18      29  0.1000000000000000E+01 1856000      20  0.1024007797241211E-02  0.2658128738403320E-02  0.5266666412353516E-03
upwind          19      29  0.1000000000000000E+01 1856000      20  0.1027107238769531E-02  0.2659082412719727E-02  0.5264282226562500E-03
upwind          20      29  0.1000000000000000E+01 1856000      20  0.1024961471557617E-02  0.2656936645507812E-02  0.5667209625244141E-03
upwind          21      29  0.1000000000000000E+01 1856000      20  0.1017093658447266E-02  0.2660989761352539E-02  0.5211830139160156E-03
upwind          22      29  0.1000000000000000E+01 1856000      20  0.1028060913085938E-02  0.2658128738403320E-02  0.5571842193603516E-03
upwind          23      29  0.1000000000000000E+01 1856000      20  0.1035928726196289E-02  0.2656936645507812E-02  0.6291866302490234E-03
upwind          24      29  0.1000000000000000E+01 1856000      20  0.1076936721801758E-02  0.2614021301269531E-02  0.5931854248046875E-03
upwind          25      29  0.1000000000000000E+01 1856000      20  0.1080989837646484E-02  0.2618074417114258E-02  0.5526542663574219E-03
upwind          26      29  0.1000000000000000E+01 1856000      20  0.1016139984130859E-02  0.2658843994140625E-02  0.6265640258789062E-03
upwind          27      29  0.1000000000000000E+01 1856000      20  0.1034021377563477E-02  0.2661943435668945E-02  0.5974769592285156E-03
upwind          28      29  0.1000000000000000E+01 1856000      20  0.1026153564453125E-02  0.2660036087036133E-02  0.6341934204101562E-03
upwind           0      30  0.1000000000000000E+01 1920000      20  0.1230001449584961E-02  0.2589941024780273E-02  0.3919601440429688E-03
upwind           1      30  0.1000000000000000E+01 1920000      20  0.1245975494384766E-02  0.2593994140625000E-02  0.4465579986572266E-03
upwind           2      30  0.1000000000000000E+01 1920000      20  0.1247882843017578E-02  0.2598047256469727E-02  0.4041194915771484E-03
upwind           3      30  0.1000000000000000E+01 1920000      20  0.1250028610229492E-02  0.2602100372314453E-02  0.4475116729736328E-03
upwind           4      30  0.1000000000000000E+01 1920000      20  0.1255989074707031E-02  0.2606153488159180E-02  0.3731250762939453E-03
upwind           5      30  0.1000000000000000E+01 1920000      20  0.1245021820068359E-02  0.2604961395263672E-02  0.4150867462158203E-03
upwind           6      30  0.1000000000000000E+01 1920000      20  0.1409053802490234E-02  0.2444982528686523E-02  0.3006458282470703E-03
upwind           7      30  0.1000000000000000E+01 1920000      20  0.1418113708496094E-02  0.2450942993164062E-02  0.3051757812500000E-03
upwind           8      30  0.1000000000000000E+01 1920000      20  0.1245975494384766E-02  0.2616167068481445E-02  0.4241466522216797E-03
upwind           9      30  0.1000000000000000E+01 1920000      20  0.1255035400390625E-02  0.2620935440063477E-02  0.4658699035644531E-03
upwind          10      30  0.1000000000000000E+01 1920000      20  0.1255035400390625E-02  0.2625942230224609E-02  0.4816055297851562E-03
upwind          11      30  0.1000000000000000E+01 1920000      20  0.1254081726074219E-02  0.2633094787597656E-02  0.4887580871582031E-03
upwind          12      30  0.1000000000000000E+01 1920000      20  0.1247882843017578E-02  0.2637147903442383E-02  0.4539489746093750E-03
upwind          13      30  0.1000000000000000E+01 1920000      20  0.1254081726074219E-02  0.2640962600708008E-02  0.4999637603759766E-03
upwind          14      30  0.1000000000000000E+01 1920000      20  0.1245021820068359E-02  0.2646923065185547E-02  0.3991127014160156E-03
upwind          15      30  0.1000000000000000E+01 1920000      20  0.1254081726074219E-02  0.2644062042236328E-02  0.4918575286865234E-03
upwind          16      30  0.1000000000000000E+01 1920000      20  0.1000881195068359E-02  0.2644062042236328E-02  0.5011558532714844E-03
upwind          17      30  0.1000000000000000E+01 1920000      20  0.9880065917968750E-03  0.2645015716552734E-02  0.4930496215820312E-03
upwind          18      30  0.1000000000000000E+01 1920000      20  0.1000881195068359E-02  0.2644062042236328E-02  0.5023479461669922E-03
upwind          19      30  0.1000000000000000E+01 1920000      20  0.9939670562744141E-03  0.2645015716552734E-02  0.5080699920654297E-03
upwind          20      30  0.1000000000000000E+01 1920000      20  0.9980201721191406E-03  0.2647161483764648E-02  0.5154609680175781E-03
upwind          21      30  0.1000000000000000E+01 1920000      20  0.9999275207519531E-03  0.2649068832397461E-02  0.4560947418212891E-03
upwind          22      30  0.1000000000000000E+01 1920000      20  0.1000881195068359E-02  0.2649068832397461E-02  0.4568099975585938E-03
upwind          23      30  0.1000000000000000E+01 1920000      20  0.9999275207519531E-03  0.2647161483764648E-02  0.5142688751220703E-03
upwind          24      30  0.1000000000000000E+01 1920000      20  0.9999275207519531E-03  0.2649068832397461E-02  0.4642009735107422E-03
upwind          25      30  0.1000000000000000E+01 1920000      20  0.9980201721191406E-03  0.2649068832397461E-02  0.5140304565429688E-03
upwind          26      30  0.1000000000000000E+01 1920000      20  0.9989738464355469E-03  0.2651214599609375E-02  0.4670619964599609E-03
upwind          27      30  0.1000000000000000E+01 1920000      20  0.9980201721191406E-03  0.2649068832397461E-02  0.5168914794921875E-03
upwind          28      30  0.1000000000000000E+01 1920000      20  0.9949207305908203E-03  0.2650022506713867E-02  0.5114078521728516E-03
upwind          29      30  0.1000000000000000E+01 1920000      20  0.9980201721191406E-03  0.2653121948242188E-02  0.4632472991943359E-03
upwind           0      31  0.1000000000000000E+01 1984000      20  0.1128911972045898E-02  0.2657175064086914E-02  0.4627704620361328E-03
upwind           1      31  0.1000000000000000E+01 1984000      20  0.1134872436523438E-02  0.2661943435668945E-02  0.4739761352539062E-03
upwind           2      31  0.1000000000000000E+01 1984000      20  0.1527070999145508E-02  0.2279043197631836E-02  0.1411437988281250E-03
upwind           3      31  0.1000000000000000E+01 1984000      20  0.1524925231933594E-02  0.2285957336425781E-02  0.1401901245117188E-03
upwind           4      31  0.1000000000000000E+01 1984000      20  0.1138925552368164E-02  0.2676963806152344E-02  0.5350112915039062E-03
upwind           5      31  0.1000000000000000E+01 1984000      20  0.1137971878051758E-02  0.2686023712158203E-02  0.4916191101074219E-03
upwind           6      31  0.1000000000000000E+01 1984000      20  0.1137971878051758E-02  0.2686977386474609E-02  0.5443096160888672E-03
upwind           7      31  0.1000000000000000E+01 1984000      20  0.1139163970947266E-02  0.2703905105590820E-02  0.4622936248779297E-03
upwind           8      31  0.1000000000000000E+01 1984000      20  0.1137971878051758E-02  0.2716064453125000E-02  0.5724430084228516E-03
upwind           9      31  0.1000000000000000E+01 1984000      20  0.1136064529418945E-02  0.2734899520874023E-02  0.5013942718505859E-03
upwind          10      31  0.1000000000000000E+01 1984000      20  0.1138925552368164E-02  0.2752065658569336E-02  0.6122589111328125E-03
upwind          11      31  0.1000000000000000E+01 1984000      20  0.1137971878051758E-02  0.2771854400634766E-02  0.5826950073242188E-03
upwind          12      31  0.1000000000000000E+01 1984000      20  0.1138925552368164E-02  0.2791881561279297E-02  0.6620883941650391E-03
upwind          13      31  0.1000000000000000E+01 1984000      20  0.1135110855102539E-02  0.2811908721923828E-02  0.6740093231201172E-03
upwind          14      31  0.1000000000000000E+01 1984000      20  0.1138925552368164E-02  0.2834081649780273E-02  0.6861686706542969E-03
upwind          15      31  0.1000000000000000E+01 1984000      20  0.1137971878051758E-02  0.2856969833374023E-02  0.7028579711914062E-03
upwind          16      31  0.1000000000000000E+01 1984000      20  0.1106023788452148E-02  0.2876996994018555E-02  0.6716251373291016E-03
upwind          17      31  0.1000000000000000E+01 1984000      20  0.1111984252929688E-02  0.2898931503295898E-02  0.6985664367675781E-03
upwind          18      31  0.1000000000000000E+01 1984000      20  0.1116037368774414E-02  0.2916097640991211E-02  0.6740093231201172E-03
upwind          19      31  0.1000000000000000E+01 1984000      20  0.1111030578613281E-02  0.2935886383056641E-02  0.7307529449462891E-03
upwind          20      31  0.1000000000000000E+01 1984000      20  0.1101016998291016E-02  0.2956867218017578E-02  0.8196830749511719E-03
upwind          21      31  0.1000000000000000E+01 1984000      20  0.1115083694458008E-02  0.2979040145874023E-02  0.7910728454589844E-03
upwind          22      31  0.1000000000000000E+01 1984000      20  0.1116037368774414E-02  0.2995967864990234E-02  0.8435249328613281E-03
upwind          23      31  0.1000000000000000E+01 1984000      20  0.1106977462768555E-02  0.3020048141479492E-02  0.8621215820312500E-03
upwind          24      31  0.1000000000000000E+01 1984000      20  0.1106977462768555E-02  0.3031969070434570E-02  0.5581378936767578E-03
upwind          25      31  0.1000000000000000E+01 1984000      20  0.1106023788452148E-02  0.3038883209228516E-02  0.4935264587402344E-03
upwind          26      31  0.1000000000000000E+01 1984000      20  0.1106977462768555E-02  0.3042936325073242E-02  0.5631446838378906E-03
upwind          27      31  0.1000000000000000E+01 1984000      20  0.1106023788452148E-02  0.3051042556762695E-02  0.5540847778320312E-03
upwind          28      31  0.1000000000000000E+01 1984000      20  0.1103878021240234E-02  0.3057003021240234E-02  0.6053447723388672E-03
upwind          29      31  0.1000000000000000E+01 1984000      20  0.1102924346923828E-02  0.3066062927246094E-02  0.5927085876464844E-03
upwind          30      31  0.1000000000000000E+01 1984000      20  0.1101016998291016E-02  0.3071069717407227E-02  0.4568099975585938E-03
upwind           0      32  0.1000000000000000E+01 2048000      20  0.1166105270385742E-02  0.2622842788696289E-02  0.4718303680419922E-03
upwind           1      32  0.1000000000000000E+01 2048000      20  0.1541137695312500E-02  0.2266883850097656E-02  0.1120567321777344E-03
upwind           2      32  0.1000000000000000E+01 2048000      20  0.1176118850708008E-02  0.2631902694702148E-02  0.4782676696777344E-03
upwind           3      32  0.1000000000000000E+01 2048000      20  0.1181125640869141E-02  0.2638816833496094E-02  0.4837512969970703E-03
upwind           4      32  0.1000000000000000E+01 2048000      20  0.1181125640869141E-02  0.2643823623657227E-02  0.4491806030273438E-03
upwind           5      32  0.1000000000000000E+01 2048000      20  0.1168966293334961E-02  0.2649068832397461E-02  0.5061626434326172E-03
upwind           6      32  0.1000000000000000E+01 2048000      20  0.1165151596069336E-02  0.2653837203979492E-02  0.4520416259765625E-03
upwind           7      32  0.1000000000000000E+01 2048000      20  0.1163959503173828E-02  0.2659082412719727E-02  0.5114078521728516E-03
upwind           8      32  0.1000000000000000E+01 2048000      20  0.1183986663818359E-02  0.2665042877197266E-02  0.5106925964355469E-03
upwind           9      32  0.1000000000000000E+01 2048000      20  0.1181840896606445E-02  0.2673149108886719E-02  0.4737377166748047E-03
upwind          10      32  0.1000000000000000E+01 2048000      20  0.1183032989501953E-02  0.2676010131835938E-02  0.4785060882568359E-03
upwind          11      32  0.1000000000000000E+01 2048000      20  0.1175880432128906E-02  0.2680063247680664E-02  0.4389286041259766E-03
upwind          12      32  0.1000000000000000E+01 2048000      20  0.1168966293334961E-02  0.2676963806152344E-02  0.4928112030029297E-03
upwind          13      32  0.1000000000000000E+01 2048000      20  0.1180887222290039E-02  0.2685070037841797E-02  0.5323886871337891E-03
upwind          14      32  0.1000000000000000E+01 2048000      20  0.1173973083496094E-02  0.2687931060791016E-02  0.5366802215576172E-03
upwind          15      32  0.1000000000000000E+01 2048000      20  0.1181840896606445E-02  0.2695083618164062E-02  0.5421638488769531E-03
upwind          16      32  0.1000000000000000E+01 2048000      20  0.1070976257324219E-02  0.2698898315429688E-02  0.4580020904541016E-03
upwind          17      32  0.1000000000000000E+01 2048000      20  0.1430988311767578E-02  0.2334833145141602E-02  0.2138614654541016E-03
upwind          18      32  0.1000000000000000E+01 2048000      20  0.1069068908691406E-02  0.2693891525268555E-02  0.5576610565185547E-03
upwind          19      32  0.1000000000000000E+01 2048000      20  0.1070976257324219E-02  0.2694845199584961E-02  0.5433559417724609E-03
upwind          20      32  0.1000000000000000E+01 2048000      20  0.1068115234375000E-02  0.2697944641113281E-02  0.5180835723876953E-03
upwind          21      32  0.1000000000000000E+01 2048000      20  0.1069784164428711E-02  0.2697229385375977E-02  0.5531311035156250E-03
upwind          22      32  0.1000000000000000E+01 2048000      20  0.1068115234375000E-02  0.2698898315429688E-02  0.5025863647460938E-03
upwind          23      32  0.1000000000000000E+01 2048000      20  0.1069784164428711E-02  0.2700090408325195E-02  0.4885196685791016E-03
upwind          24      32  0.1000000000000000E+01 2048000      20  0.1070976257324219E-02  0.2698898315429688E-02  0.5486011505126953E-03
upwind          25      32  0.1000000000000000E+01 2048000      20  0.1068830490112305E-02  0.2706050872802734E-02  0.4599094390869141E-03
upwind          26      32  0.1000000000000000E+01 2048000      20  0.1069068908691406E-02  0.2701997756958008E-02  0.5033016204833984E-03
upwind          27      32  0.1000000000000000E+01 2048000      20  0.1063823699951172E-02  0.2701997756958008E-02  0.5478858947753906E-03
upwind          28      32  0.1000000000000000E+01 2048000      20  0.1071929931640625E-02  0.2701997756958008E-02  0.4992485046386719E-03
upwind          29      32  0.1000000000000000E+01 2048000      20  0.1068830490112305E-02  0.2706050872802734E-02  0.5037784576416016E-03
upwind          30      32  0.1000000000000000E+01 2048000      20  0.1070022583007812E-02  0.2707958221435547E-02  0.5457401275634766E-03
upwind          31      32  0.1000000000000000E+01 2048000      20  0.1065969467163086E-02  0.2714157104492188E-02  0.4594326019287109E-03
