upwind           0       1  0.1000000000000000E+01  128000      20  0.1393079757690430E-02  0.3883838653564453E-02  0.9536743164062500E-06
upwind           0       2  0.1000000000000000E+01  256000      20  0.1322984695434570E-02  0.3904819488525391E-02  0.2617835998535156E-03
upwind           1       2  0.1000000000000000E+01  256000      20  0.1346111297607422E-02  0.3907918930053711E-02  0.1218318939208984E-03
upwind           0       3  0.1000000000000000E+01  384000      20  0.1183032989501953E-02  0.3971815109252930E-02  0.4291534423828125E-03
upwind           1       3  0.1000000000000000E+01  384000      20  0.1197814941406250E-02  0.3982067108154297E-02  0.1211166381835938E-03
upwind           2       3  0.1000000000000000E+01  384000      20  0.1199007034301758E-02  0.3977775573730469E-02  0.1912117004394531E-03
upwind           0       4  0.1000000000000000E+01  512000      20  0.1255035400390625E-02  0.4732847213745117E-02  0.8008480072021484E-03
upwind           1       4  0.1000000000000000E+01  512000      20  0.1277208328247070E-02  0.4748821258544922E-02  0.8430480957031250E-03
upwind           2       4  0.1000000000000000E+01  512000      20  0.1271009445190430E-02  0.4760026931762695E-02  0.2672672271728516E-03
upwind           3       4  0.1000000000000000E+01  512000      20  0.1249074935913086E-02  0.4755973815917969E-02  0.3159046173095703E-03
upwind           0       5  0.1000000000000000E+01  640000      20  0.1341104507446289E-02  0.4069089889526367E-02  0.1933574676513672E-03
upwind           1       5  0.1000000000000000E+01  640000      20  0.1358985900878906E-02  0.4070997238159180E-02  0.1928806304931641E-03
upwind           2       5  0.1000000000000000E+01  640000      20  0.1358032226562500E-02  0.4077911376953125E-02  0.2911090850830078E-03
upwind           3       5  0.1000000000000000E+01  640000      20  0.1332044601440430E-02  0.4084825515747070E-02  0.3142356872558594E-03
upwind           4       5  0.1000000000000000E+01  640000      20  0.1355171203613281E-02  0.4091978073120117E-02  0.1790523529052734E-03
upwind           0       6  0.1000000000000000E+01  768000      20  0.1327991485595703E-02  0.4304170608520508E-02  0.3440380096435547E-03
upwind           1       6  0.1000000000000000E+01  768000      20  0.1327037811279297E-02  0.4308938980102539E-02  0.3650188446044922E-03
upwind           2       6  0.1000000000000000E+01  768000      20  0.1355171203613281E-02  0.4309892654418945E-02  0.3254413604736328E-03
upwind           3       6  0.1000000000000000E+01  768000      20  0.1351833343505859E-02  0.4314184188842773E-02  0.3178119659423828E-03
upwind           4       6  0.1000000000000000E+01  768000      20  0.1363039016723633E-02  0.4309892654418945E-02  0.4897117614746094E-03
upwind           5       6  0.1000000000000000E+01  768000      20  0.1365900039672852E-02  0.4312992095947266E-02  0.4150867462158203E-03
upwind           0       7  0.1000000000000000E+01  896000      20  0.1355886459350586E-02  0.4360914230346680E-02  0.5042552947998047E-03
upwind           1       7  0.1000000000000000E+01  896000      20  0.1371145248413086E-02  0.4400968551635742E-02  0.4971027374267578E-03
upwind           2       7  0.1000000000000000E+01  896000      20  0.1377105712890625E-02  0.4403114318847656E-02  0.5104541778564453E-03
upwind           3       7  0.1000000000000000E+01  896000      20  0.1376152038574219E-02  0.4405975341796875E-02  0.4971027374267578E-03
upwind           4       7  0.1000000000000000E+01  896000      20  0.1380920410156250E-02  0.4410028457641602E-02  0.4096031188964844E-03
upwind           5       7  0.1000000000000000E+01  896000      20  0.1373052597045898E-02  0.4418849945068359E-02  0.4699230194091797E-03
upwind           6       7  0.1000000000000000E+01  896000      20  0.1378059387207031E-02  0.4427909851074219E-02  0.2996921539306641E-03
upwind           0       8  0.1000000000000000E+01 1024000      20  0.1386880874633789E-02  0.4364967346191406E-02  0.3898143768310547E-03
upwind           1       8  0.1000000000000000E+01 1024000      20  0.1408100128173828E-02  0.4375934600830078E-02  0.3037452697753906E-03
upwind           2       8  0.1000000000000000E+01 1024000      20  0.1410961151123047E-02  0.4378080368041992E-02  0.4496574401855469E-03
upwind           3       8  0.1000000000000000E+01 1024000      20  0.1406908035278320E-02  0.4388093948364258E-02  0.4439353942871094E-03
upwind           4       8  0.1000000000000000E+01 1024000      20  0.1398086547851562E-02  0.4391908645629883E-02  0.3533363342285156E-03
upwind           5       8  0.1000000000000000E+01 1024000      20  0.1406908035278320E-02  0.4390001296997070E-02  0.3988742828369141E-03
upwind           6       8  0.1000000000000000E+01 1024000      20  0.1381874084472656E-02  0.4390954971313477E-02  0.3888607025146484E-03
upwind           7       8  0.1000000000000000E+01 1024000      20  0.1406908035278320E-02  0.4390954971313477E-02  0.3931522369384766E-03
upwind           0       9  0.1000000000000000E+01 1152000      20  0.1396894454956055E-02  0.4249095916748047E-02  0.3588199615478516E-03
upwind           1       9  0.1000000000000000E+01 1152000      20  0.1410007476806641E-02  0.4256010055541992E-02  0.3268718719482422E-03
upwind           2       9  0.1000000000000000E+01 1152000      20  0.1416921615600586E-02  0.4256010055541992E-02  0.3695487976074219E-03
upwind           3       9  0.1000000000000000E+01 1152000      20  0.1415014266967773E-02  0.4264831542968750E-02  0.2923011779785156E-03
upwind           4       9  0.1000000000000000E+01 1152000      20  0.1415967941284180E-02  0.4277944564819336E-02  0.3554821014404297E-03
upwind           5       9  0.1000000000000000E+01 1152000      20  0.1414060592651367E-02  0.4281997680664062E-02  0.4458427429199219E-03
upwind           6       9  0.1000000000000000E+01 1152000      20  0.1417875289916992E-02  0.4284143447875977E-02  0.4098415374755859E-03
upwind           7       9  0.1000000000000000E+01 1152000      20  0.1415014266967773E-02  0.4289865493774414E-02  0.3817081451416016E-03
upwind           8       9  0.1000000000000000E+01 1152000      20  0.1415967941284180E-02  0.4286050796508789E-02  0.4143714904785156E-03
upwind           0      10  0.1000000000000000E+01 1280000      20  0.1468896865844727E-02  0.4328012466430664E-02  0.3037452697753906E-03
upwind           1      10  0.1000000000000000E+01 1280000      20  0.1492977142333984E-02  0.4323005676269531E-02  0.4358291625976562E-03
upwind           2      10  0.1000000000000000E+01 1280000      20  0.1496791839599609E-02  0.4324197769165039E-02  0.3900527954101562E-03
upwind           3      10  0.1000000000000000E+01 1280000      20  0.1498937606811523E-02  0.4323959350585938E-02  0.4310607910156250E-03
upwind           4      10  0.1000000000000000E+01 1280000      20  0.1494884490966797E-02  0.4327058792114258E-02  0.4503726959228516E-03
upwind           5      10  0.1000000000000000E+01 1280000      20  0.1492977142333984E-02  0.4328966140747070E-02  0.3159046173095703E-03
upwind           6      10  0.1000000000000000E+01 1280000      20  0.1492977142333984E-02  0.4332065582275391E-02  0.2772808074951172E-03
upwind           7      10  0.1000000000000000E+01 1280000      20  0.1492977142333984E-02  0.4333019256591797E-02  0.3428459167480469E-03
upwind           8      10  0.1000000000000000E+01 1280000      20  0.1489877700805664E-02  0.4335165023803711E-02  0.2808570861816406E-03
upwind           9      10  0.1000000000000000E+01 1280000      20  0.1492977142333984E-02  0.4335165023803711E-02  0.2977848052978516E-03
upwind           0      11  0.1000000000000000E+01 1408000      20  0.1431941986083984E-02  0.4482984542846680E-02  0.3104209899902344E-03
upwind           1      11  0.1000000000000000E+01 1408000      20  0.1450061798095703E-02  0.4482984542846680E-02  0.3266334533691406E-03
upwind           2      11  0.1000000000000000E+01 1408000      20  0.1456022262573242E-02  0.4481077194213867E-02  0.3399848937988281E-03
upwind           3      11  0.1000000000000000E+01 1408000      20  0.1453161239624023E-02  0.4482030868530273E-02  0.3659725189208984E-03
upwind           4      11  0.1000000000000000E+01 1408000      20  0.1454114913940430E-02  0.4482030868530273E-02  0.3464221954345703E-03
upwind           5      11  0.1000000000000000E+01 1408000      20  0.1453161239624023E-02  0.4484891891479492E-02  0.3361701965332031E-03
upwind           6      11  0.1000000000000000E+01 1408000      20  0.1451015472412109E-02  0.4482984542846680E-02  0.4763603210449219E-03
upwind           7      11  0.1000000000000000E+01 1408000      20  0.1459121704101562E-02  0.4482984542846680E-02  0.4696846008300781E-03
upwind           8      11  0.1000000000000000E+01 1408000      20  0.1460075378417969E-02  0.4480838775634766E-02  0.5197525024414062E-03
upwind           9      11  0.1000000000000000E+01 1408000      20  0.1459121704101562E-02  0.4482984542846680E-02  0.5095005035400391E-03
upwind          10      11  0.1000000000000000E+01 1408000      20  0.1450061798095703E-02  0.4486799240112305E-02  0.4482269287109375E-03
upwind           0      12  0.1000000000000000E+01 1536000      20  0.1512050628662109E-02  0.4571914672851562E-02  0.3592967987060547E-03
upwind           1      12  0.1000000000000000E+01 1536000      20  0.1533031463623047E-02  0.4565000534057617E-02  0.5044937133789062E-03
upwind           2      12  0.1000000000000000E+01 1536000      20  0.1533031463623047E-02  0.4567861557006836E-02  0.4541873931884766E-03
upwind           3      12  0.1000000000000000E+01 1536000      20  0.1525163650512695E-02  0.4575014114379883E-02  0.5288124084472656E-03
upwind           4      12  0.1000000000000000E+01 1536000      20  0.1533031463623047E-02  0.4583120346069336E-02  0.4780292510986328E-03
upwind           5      12  0.1000000000000000E+01 1536000      20  0.1533031463623047E-02  0.4605054855346680E-02  0.4937648773193359E-03
upwind           6      12  0.1000000000000000E+01 1536000      20  0.1532077789306641E-02  0.4606008529663086E-02  0.4174709320068359E-03
upwind           7      12  0.1000000000000000E+01 1536000      20  0.1534938812255859E-02  0.4609107971191406E-02  0.3938674926757812E-03
upwind           8      12  0.1000000000000000E+01 1536000      20  0.1533985137939453E-02  0.4606962203979492E-02  0.4377365112304688E-03
upwind           9      12  0.1000000000000000E+01 1536000      20  0.1531839370727539E-02  0.4608154296875000E-02  0.4224777221679688E-03
upwind          10      12  0.1000000000000000E+01 1536000      20  0.1531124114990234E-02  0.4606008529663086E-02  0.4944801330566406E-03
upwind          11      12  0.1000000000000000E+01 1536000      20  0.1523971557617188E-02  0.4607200622558594E-02  0.4711151123046875E-03
upwind           0      13  0.1000000000000000E+01 1664000      20  0.1554965972900391E-02  0.4837989807128906E-02  0.4162788391113281E-03
upwind           1      13  0.1000000000000000E+01 1664000      20  0.1574993133544922E-02  0.4843950271606445E-02  0.4005432128906250E-03
upwind           2      13  0.1000000000000000E+01 1664000      20  0.1581907272338867E-02  0.4846096038818359E-02  0.3933906555175781E-03
upwind           3      13  0.1000000000000000E+01 1664000      20  0.1576900482177734E-02  0.4853963851928711E-02  0.4253387451171875E-03
upwind           4      13  0.1000000000000000E+01 1664000      20  0.1581907272338867E-02  0.4856109619140625E-02  0.3962516784667969E-03
upwind           5      13  0.1000000000000000E+01 1664000      20  0.1581907272338867E-02  0.4862070083618164E-02  0.3490447998046875E-03
upwind           6      13  0.1000000000000000E+01 1664000      20  0.1582860946655273E-02  0.4855155944824219E-02  0.4739761352539062E-03
upwind           7      13  0.1000000000000000E+01 1664000      20  0.1582860946655273E-02  0.4851102828979492E-02  0.7114410400390625E-03
upwind           8      13  0.1000000000000000E+01 1664000      20  0.1580953598022461E-02  0.4852056503295898E-02  0.7123947143554688E-03
upwind           9      13  0.1000000000000000E+01 1664000      20  0.1582860946655273E-02  0.4849910736083984E-02  0.7529258728027344E-03
upwind          10      13  0.1000000000000000E+01 1664000      20  0.1581907272338867E-02  0.4851102828979492E-02  0.7445812225341797E-03
upwind          11      13  0.1000000000000000E+01 1664000      20  0.1572132110595703E-02  0.4850864410400391E-02  0.7703304290771484E-03
upwind          12      13  0.1000000000000000E+01 1664000      20  0.1577138900756836E-02  0.4862070083618164E-02  0.5693435668945312E-03
upwind           0      14  0.1000000000000000E+01 1792000      20  0.1543045043945312E-02  0.5051851272583008E-02  0.6220340728759766E-03
upwind           1      14  0.1000000000000000E+01 1792000      20  0.1552820205688477E-02  0.5057096481323242E-02  0.5640983581542969E-03
upwind           2      14  0.1000000000000000E+01 1792000      20  0.1563072204589844E-02  0.5069971084594727E-02  0.5729198455810547E-03
upwind           3      14  0.1000000000000000E+01 1792000      20  0.1547098159790039E-02  0.5090951919555664E-02  0.7352828979492188E-03
upwind           4      14  0.1000000000000000E+01 1792000      20  0.1562118530273438E-02  0.5099773406982422E-02  0.5569458007812500E-03
upwind           5      14  0.1000000000000000E+01 1792000      20  0.1556873321533203E-02  0.5094051361083984E-02  0.7143020629882812E-03
upwind           6      14  0.1000000000000000E+01 1792000      20  0.1564025878906250E-02  0.5090951919555664E-02  0.7457733154296875E-03
upwind           7      14  0.1000000000000000E+01 1792000      20  0.1558065414428711E-02  0.5096912384033203E-02  0.5798339843750000E-03
upwind           8      14  0.1000000000000000E+01 1792000      20  0.1556158065795898E-02  0.5094766616821289E-02  0.6284713745117188E-03
upwind           9      14  0.1000000000000000E+01 1792000      20  0.1550912857055664E-02  0.5099058151245117E-02  0.6372928619384766E-03
upwind          10      14  0.1000000000000000E+01 1792000      20  0.1548051834106445E-02  0.5095005035400391E-02  0.6532669067382812E-03
upwind          11      14  0.1000000000000000E+01 1792000      20  0.1558065414428711E-02  0.5097866058349609E-02  0.6585121154785156E-03
upwind          12      14  0.1000000000000000E+01 1792000      20  0.1549005508422852E-02  0.5099058151245117E-02  0.6506443023681641E-03
upwind          13      14  0.1000000000000000E+01 1792000      20  0.1550197601318359E-02  0.5099773406982422E-02  0.5738735198974609E-03
upwind           0      15  0.1000000000000000E+01 1920000      20  0.1715183258056641E-02  0.5074977874755859E-02  0.3206729888916016E-03
upwind           1      15  0.1000000000000000E+01 1920000      20  0.1720190048217773E-02  0.5082845687866211E-02  0.2295970916748047E-03
upwind           2      15  0.1000000000000000E+01 1920000      20  0.1724004745483398E-02  0.5084991455078125E-02  0.3244876861572266E-03
upwind           3      15  0.1000000000000000E+01 1920000      20  0.1738071441650391E-02  0.5091905593872070E-02  0.3471374511718750E-03
upwind           4      15  0.1000000000000000E+01 1920000      20  0.1737117767333984E-02  0.5100965499877930E-02  0.2062320709228516E-03
upwind           5      15  0.1000000000000000E+01 1920000      20  0.1736164093017578E-02  0.5095005035400391E-02  0.3545284271240234E-03
upwind           6      15  0.1000000000000000E+01 1920000      20  0.1724958419799805E-02  0.5095005035400391E-02  0.2837181091308594E-03
upwind           7      15  0.1000000000000000E+01 1920000      20  0.1732110977172852E-02  0.5092859268188477E-02  0.4050731658935547E-03
upwind           8      15  0.1000000000000000E+01 1920000      20  0.1737117767333984E-02  0.5084991455078125E-02  0.6887912750244141E-03
upwind           9      15  0.1000000000000000E+01 1920000      20  0.1734972000122070E-02  0.5089044570922852E-02  0.6866455078125000E-03
upwind          10      15  0.1000000000000000E+01 1920000      20  0.1719951629638672E-02  0.5086898803710938E-02  0.6890296936035156E-03
upwind          11      15  0.1000000000000000E+01 1920000      20  0.1734018325805664E-02  0.5087852478027344E-02  0.6964206695556641E-03
upwind          12      15  0.1000000000000000E+01 1920000      20  0.1722097396850586E-02  0.5087852478027344E-02  0.7026195526123047E-03
upwind          13      15  0.1000000000000000E+01 1920000      20  0.1721858978271484E-02  0.5091190338134766E-02  0.6821155548095703E-03
upwind          14      15  0.1000000000000000E+01 1920000      20  0.1728057861328125E-02  0.5089044570922852E-02  0.6740093231201172E-03
upwind           0      16  0.1000000000000000E+01 2048000      20  0.1779079437255859E-02  0.5562067031860352E-02  0.8571147918701172E-03
upwind           1      16  0.1000000000000000E+01 2048000      20  0.1796007156372070E-02  0.5563020706176758E-02  0.7555484771728516E-03
upwind           2      16  0.1000000000000000E+01 2048000      20  0.1780033111572266E-02  0.5565881729125977E-02  0.8203983306884766E-03
upwind           3      16  0.1000000000000000E+01 2048000      20  0.1779079437255859E-02  0.5566835403442383E-02  0.7426738739013672E-03
upwind           4      16  0.1000000000000000E+01 2048000      20  0.1785039901733398E-02  0.5565881729125977E-02  0.8134841918945312E-03
upwind           5      16  0.1000000000000000E+01 2048000      20  0.1791000366210938E-02  0.5566835403442383E-02  0.7753372192382812E-03
upwind           6      16  0.1000000000000000E+01 2048000      20  0.1790046691894531E-02  0.5569934844970703E-02  0.7534027099609375E-03
upwind           7      16  0.1000000000000000E+01 2048000      20  0.1801013946533203E-02  0.5566835403442383E-02  0.8089542388916016E-03
upwind           8      16  0.1000000000000000E+01 2048000      20  0.1791000366210938E-02  0.5576848983764648E-02  0.7719993591308594E-03
upwind           9      16  0.1000000000000000E+01 2048000      20  0.1798152923583984E-02  0.5579948425292969E-02  0.7522106170654297E-03
upwind          10      16  0.1000000000000000E+01 2048000      20  0.1783132553100586E-02  0.5584001541137695E-02  0.6949901580810547E-03
upwind          11      16  0.1000000000000000E+01 2048000      20  0.1792192459106445E-02  0.5587816238403320E-02  0.6253719329833984E-03
upwind          12      16  0.1000000000000000E+01 2048000      20  0.1780986785888672E-02  0.5591869354248047E-02  0.6463527679443359E-03
upwind          13      16  0.1000000000000000E+01 2048000      20  0.1780033111572266E-02  0.5599975585937500E-02  0.6995201110839844E-03
upwind          14      16  0.1000000000000000E+01 2048000      20  0.1801967620849609E-02  0.5601882934570312E-02  0.6041526794433594E-03
upwind          15      16  0.1000000000000000E+01 2048000      20  0.1801013946533203E-02  0.5595922470092773E-02  0.7605552673339844E-03
upwind           0      17  0.1000000000000000E+01 2176000      20  0.1674890518188477E-02  0.5511999130249023E-02  0.7700920104980469E-03
upwind           1      17  0.1000000000000000E+01 2176000      20  0.1678943634033203E-02  0.5519866943359375E-02  0.8039474487304688E-03
upwind           2      17  0.1000000000000000E+01 2176000      20  0.1636028289794922E-02  0.5578994750976562E-02  0.7755756378173828E-03
upwind           3      17  0.1000000000000000E+01 2176000      20  0.1667022705078125E-02  0.5524873733520508E-02  0.7343292236328125E-03
upwind           4      17  0.1000000000000000E+01 2176000      20  0.1612901687622070E-02  0.5582094192504883E-02  0.8146762847900391E-03
upwind           5      17  0.1000000000000000E+01 2176000      20  0.1693964004516602E-02  0.5523920059204102E-02  0.7665157318115234E-03
upwind           6      17  0.1000000000000000E+01 2176000      20  0.1632928848266602E-02  0.5582094192504883E-02  0.8394718170166016E-03
upwind           7      17  0.1000000000000000E+01 2176000      20  0.1696109771728516E-02  0.5531072616577148E-02  0.6980895996093750E-03
upwind           8      17  0.1000000000000000E+01 2176000      20  0.1641035079956055E-02  0.5583047866821289E-02  0.7464885711669922E-03
upwind           9      17  0.1000000000000000E+01 2176000      20  0.1682043075561523E-02  0.5527973175048828E-02  0.7658004760742188E-03
upwind          10      17  0.1000000000000000E+01 2176000      20  0.1638889312744141E-02  0.5584955215454102E-02  0.7975101470947266E-03
upwind          11      17  0.1000000000000000E+01 2176000      20  0.1698017120361328E-02  0.5556821823120117E-02  0.7646083831787109E-03
upwind          12      17  0.1000000000000000E+01 2176000      20  0.1621007919311523E-02  0.5618095397949219E-02  0.6685256958007812E-03
upwind          13      17  0.1000000000000000E+01 2176000      20  0.1697063446044922E-02  0.5559921264648438E-02  0.6973743438720703E-03
upwind          14      17  0.1000000000000000E+01 2176000      20  0.1612901687622070E-02  0.5618095397949219E-02  0.6806850433349609E-03
upwind          15      17  0.1000000000000000E+01 2176000      20  0.1693010330200195E-02  0.5573987960815430E-02  0.7474422454833984E-03
upwind          16      17  0.1000000000000000E+01 2176000      20  0.1729965209960938E-02  0.5631923675537109E-02  0.3819465637207031E-03
upwind           0      18  0.1000000000000000E+01 2304000      20  0.1791954040527344E-02  0.5410909652709961E-02  0.6372928619384766E-03
upwind           1      18  0.1000000000000000E+01 2304000      20  0.1799821853637695E-02  0.5408048629760742E-02  0.7195472717285156E-03
upwind           2      18  0.1000000000000000E+01 2304000      20  0.1818180084228516E-02  0.5409955978393555E-02  0.6566047668457031E-03
upwind           3      18  0.1000000000000000E+01 2304000      20  0.1816034317016602E-02  0.5432128906250000E-02  0.7944107055664062E-03
upwind           4      18  0.1000000000000000E+01 2304000      20  0.1799106597900391E-02  0.5435943603515625E-02  0.6732940673828125E-03
upwind           5      18  0.1000000000000000E+01 2304000      20  0.1799821853637695E-02  0.5455017089843750E-02  0.7281303405761719E-03
upwind           6      18  0.1000000000000000E+01 2304000      20  0.1798868179321289E-02  0.5473136901855469E-02  0.6735324859619141E-03
upwind           7      18  0.1000000000000000E+01 2304000      20  0.1802921295166016E-02  0.5477190017700195E-02  0.7870197296142578E-03
upwind           8      18  0.1000000000000000E+01 2304000      20  0.1805782318115234E-02  0.5472183227539062E-02  0.5431175231933594E-03
upwind           9      18  0.1000000000000000E+01 2304000      20  0.1822948455810547E-02  0.5505084991455078E-02  0.5855560302734375E-03
upwind          10      18  0.1000000000000000E+01 2304000      20  0.1825094223022461E-02  0.5499839782714844E-02  0.5929470062255859E-03
upwind          11      18  0.1000000000000000E+01 2304000      20  0.1801013946533203E-02  0.5505084991455078E-02  0.6098747253417969E-03
upwind          12      18  0.1000000000000000E+01 2304000      20  0.1816034317016602E-02  0.5507946014404297E-02  0.5493164062500000E-03
upwind          13      18  0.1000000000000000E+01 2304000      20  0.1817941665649414E-02  0.5517005920410156E-02  0.7381439208984375E-03
upwind          14      18  0.1000000000000000E+01 2304000      20  0.1819133758544922E-02  0.5531787872314453E-02  0.5536079406738281E-03
upwind          15      18  0.1000000000000000E+01 2304000      20  0.1817941665649414E-02  0.5535125732421875E-02  0.5302429199218750E-03
upwind          16      18  0.1000000000000000E+01 2304000      20  0.2007961273193359E-02  0.5496978759765625E-02  0.1752376556396484E-02
upwind          17      18  0.1000000000000000E+01 2304000      20  0.1999139785766602E-02  0.5496978759765625E-02  0.1859664916992188E-02
upwind           0      19  0.1000000000000000E+01 2432000      20  0.1910924911499023E-02  0.5257129669189453E-02  0.3845691680908203E-03
upwind           1      19  0.1000000000000000E+01 2432000      20  0.1938104629516602E-02  0.5255937576293945E-02  0.4549026489257812E-03
upwind           2      19  0.1000000000000000E+01 2432000      20  0.1938104629516602E-02  0.5267858505249023E-02  0.4210472106933594E-03
upwind           3      19  0.1000000000000000E+01 2432000      20  0.1923799514770508E-02  0.5271196365356445E-02  0.5109310150146484E-03
upwind           4      19  0.1000000000000000E+01 2432000      20  0.1939058303833008E-02  0.5284070968627930E-02  0.5657672882080078E-03
upwind           5      19  0.1000000000000000E+01 2432000      20  0.1938104629516602E-02  0.5296945571899414E-02  0.5598068237304688E-03
upwind           6      19  0.1000000000000000E+01 2432000      20  0.1920938491821289E-02  0.5313158035278320E-02  0.5474090576171875E-03
upwind           7      19  0.1000000000000000E+01 2432000      20  0.1938104629516602E-02  0.5321025848388672E-02  0.3836154937744141E-03
upwind           8      19  0.1000000000000000E+01 2432000      20  0.1927852630615234E-02  0.5310058593750000E-02  0.4792213439941406E-03
upwind           9      19  0.1000000000000000E+01 2432000      20  0.1927852630615234E-02  0.5311012268066406E-02  0.4975795745849609E-03
upwind          10      19  0.1000000000000000E+01 2432000      20  0.1924991607666016E-02  0.5344152450561523E-02  0.5865097045898438E-03
upwind          11      19  0.1000000000000000E+01 2432000      20  0.1934051513671875E-02  0.5367994308471680E-02  0.6275177001953125E-03
upwind          12      19  0.1000000000000000E+01 2432000      20  0.1932859420776367E-02  0.5371093750000000E-02  0.6332397460937500E-03
upwind          13      19  0.1000000000000000E+01 2432000      20  0.1924991607666016E-02  0.5385875701904297E-02  0.4274845123291016E-03
upwind          14      19  0.1000000000000000E+01 2432000      20  0.1934051513671875E-02  0.5409955978393555E-02  0.5559921264648438E-03
upwind          15      19  0.1000000000000000E+01 2432000      20  0.1921176910400391E-02  0.5437850952148438E-02  0.5788803100585938E-03
upwind          16      19  0.1000000000000000E+01 2432000      20  0.1942157745361328E-02  0.5452871322631836E-02  0.1318693161010742E-02
upwind          17      19  0.1000000000000000E+01 2432000      20  0.1927137374877930E-02  0.5506038665771484E-02  0.1422882080078125E-02
upwind          18      19  0.1000000000000000E+01 2432000      20  0.1974105834960938E-02  0.5534887313842773E-02  0.3535747528076172E-03
upwind           0      20  0.1000000000000000E+01 2560000      20  0.1819849014282227E-02  0.5270004272460938E-02  0.4143714904785156E-03
upwind           1      20  0.1000000000000000E+01 2560000      20  0.1842975616455078E-02  0.5270004272460938E-02  0.4386901855468750E-03
upwind           2      20  0.1000000000000000E+01 2560000      20  0.1968145370483398E-02  0.5143880844116211E-02  0.2896785736083984E-03
upwind           3      20  0.1000000000000000E+01 2560000      20  0.1842975616455078E-02  0.5264997482299805E-02  0.5445480346679688E-03
upwind           4      20  0.1000000000000000E+01 2560000      20  0.1833915710449219E-02  0.5456209182739258E-02  0.6906986236572266E-03
upwind           5      20  0.1000000000000000E+01 2560000      20  0.1842975616455078E-02  0.5428075790405273E-02  0.6191730499267578E-03
upwind           6      20  0.1000000000000000E+01 2560000      20  0.1847028732299805E-02  0.5435943603515625E-02  0.6048679351806641E-03
upwind           7      20  0.1000000000000000E+01 2560000      20  0.1844167709350586E-02  0.5436897277832031E-02  0.6914138793945312E-03
upwind           8      20  0.1000000000000000E+01 2560000      20  0.1843929290771484E-02  0.5434036254882812E-02  0.7171630859375000E-03
upwind           9      20  0.1000000000000000E+01 2560000      20  0.1829862594604492E-02  0.5439043045043945E-02  0.5970001220703125E-03
upwind          10      20  0.1000000000000000E+01 2560000      20  0.1833915710449219E-02  0.5439043045043945E-02  0.6041526794433594E-03
upwind          11      20  0.1000000000000000E+01 2560000      20  0.1846075057983398E-02  0.5435943603515625E-02  0.6010532379150391E-03
upwind          12      20  0.1000000000000000E+01 2560000      20  0.1841068267822266E-02  0.5438089370727539E-02  0.7023811340332031E-03
upwind          13      20  0.1000000000000000E+01 2560000      20  0.1841068267822266E-02  0.5430936813354492E-02  0.7364749908447266E-03
upwind          14      20  0.1000000000000000E+01 2560000      20  0.1827955245971680E-02  0.5455970764160156E-02  0.7376670837402344E-03
upwind          15      20  0.1000000000000000E+01 2560000      20  0.1828908920288086E-02  0.5459070205688477E-02  0.6847381591796875E-03
upwind          16      20  0.1000000000000000E+01 2560000      20  0.1844882965087891E-02  0.5475997924804688E-02  0.1262903213500977E-02
upwind          17      20  0.1000000000000000E+01 2560000      20  0.1845836639404297E-02  0.5524158477783203E-02  0.1191139221191406E-02
upwind          18      20  0.1000000000000000E+01 2560000      20  0.1846075057983398E-02  0.5548000335693359E-02  0.4022121429443359E-03
upwind          19      20  0.1000000000000000E+01 2560000      20  0.1832962036132812E-02  0.5543947219848633E-02  0.4079341888427734E-03
upwind           0      21  0.1000000000000000E+01 2688000      20  0.1914024353027344E-02  0.5522966384887695E-02  0.7660388946533203E-03
upwind           1      21  0.1000000000000000E+01 2688000      20  0.1917123794555664E-02  0.5527019500732422E-02  0.6697177886962891E-03
upwind           2      21  0.1000000000000000E+01 2688000      20  0.1926898956298828E-02  0.5525112152099609E-02  0.7858276367187500E-03
upwind           3      21  0.1000000000000000E+01 2688000      20  0.1921176910400391E-02  0.5534887313842773E-02  0.7295608520507812E-03
upwind           4      21  0.1000000000000000E+01 2688000      20  0.1927852630615234E-02  0.5522012710571289E-02  0.8492469787597656E-03
upwind           5      21  0.1000000000000000E+01 2688000      20  0.1918077468872070E-02  0.5527019500732422E-02  0.8318424224853516E-03
upwind           6      21  0.1000000000000000E+01 2688000      20  0.1924037933349609E-02  0.5535840988159180E-02  0.6444454193115234E-03
upwind           7      21  0.1000000000000000E+01 2688000      20  0.1928806304931641E-02  0.5531072616577148E-02  0.7741451263427734E-03
upwind           8      21  0.1000000000000000E+01 2688000      20  0.1930952072143555E-02  0.5537033081054688E-02  0.6396770477294922E-03
upwind           9      21  0.1000000000000000E+01 2688000      20  0.1929998397827148E-02  0.5544185638427734E-02  0.5986690521240234E-03
upwind          10      21  0.1000000000000000E+01 2688000      20  0.1927852630615234E-02  0.5546092987060547E-02  0.5915164947509766E-03
upwind          11      21  0.1000000000000000E+01 2688000      20  0.1928806304931641E-02  0.5544185638427734E-02  0.7166862487792969E-03
upwind          12      21  0.1000000000000000E+01 2688000      20  0.1927852630615234E-02  0.5550146102905273E-02  0.5915164947509766E-03
upwind          13      21  0.1000000000000000E+01 2688000      20  0.1924991607666016E-02  0.5544900894165039E-02  0.7345676422119141E-03
upwind          14      21  0.1000000000000000E+01 2688000      20  0.1923084259033203E-02  0.5548000335693359E-02  0.6492137908935547E-03
upwind          15      21  0.1000000000000000E+01 2688000      20  0.1924037933349609E-02  0.5553007125854492E-02  0.6301403045654297E-03
upwind          16      21  0.1000000000000000E+01 2688000      20  0.2033948898315430E-02  0.5532026290893555E-02  0.1027822494506836E-02
upwind          17      21  0.1000000000000000E+01 2688000      20  0.2033948898315430E-02  0.5532979965209961E-02  0.1065492630004883E-02
upwind          18      21  0.1000000000000000E+01 2688000      20  0.2032995223999023E-02  0.5539894104003906E-02  0.1036167144775391E-02
upwind          19      21  0.1000000000000000E+01 2688000      20  0.2047061920166016E-02  0.5542993545532227E-02  0.7078647613525391E-03
upwind          20      21  0.1000000000000000E+01 2688000      20  0.2034902572631836E-02  0.5546092987060547E-02  0.6585121154785156E-03
upwind           0      22  0.1000000000000000E+01 2816000      20  0.2085924148559570E-02  0.5388021469116211E-02  0.5483627319335938E-03
upwind           1      22  0.1000000000000000E+01 2816000      20  0.2074003219604492E-02  0.5401134490966797E-02  0.5948543548583984E-03
upwind           2      22  0.1000000000000000E+01 2816000      20  0.2100944519042969E-02  0.5407094955444336E-02  0.4386901855468750E-03
upwind           3      22  0.1000000000000000E+01 2816000      20  0.2065896987915039E-02  0.5407094955444336E-02  0.4489421844482422E-03
upwind           4      22  0.1000000000000000E+01 2816000      20  0.2104997634887695E-02  0.5398988723754883E-02  0.5640983581542969E-03
upwind           5      22  0.1000000000000000E+01 2816000      20  0.2080917358398438E-02  0.5399942398071289E-02  0.5629062652587891E-03
upwind           6      22  0.1000000000000000E+01 2816000      20  0.2105951309204102E-02  0.5403041839599609E-02  0.4746913909912109E-03
upwind           7      22  0.1000000000000000E+01 2816000      20  0.2084970474243164E-02  0.5400896072387695E-02  0.6132125854492188E-03
upwind           8      22  0.1000000000000000E+01 2816000      20  0.2104043960571289E-02  0.5403995513916016E-02  0.5228519439697266E-03
upwind           9      22  0.1000000000000000E+01 2816000      20  0.2074956893920898E-02  0.5403041839599609E-02  0.5986690521240234E-03
upwind          10      22  0.1000000000000000E+01 2816000      20  0.2104043960571289E-02  0.5402088165283203E-02  0.6444454193115234E-03
upwind          11      22  0.1000000000000000E+01 2816000      20  0.2099990844726562E-02  0.5412101745605469E-02  0.4639625549316406E-03
upwind          12      22  0.1000000000000000E+01 2816000      20  0.2070903778076172E-02  0.5408048629760742E-02  0.5834102630615234E-03
upwind          13      22  0.1000000000000000E+01 2816000      20  0.2083778381347656E-02  0.5404233932495117E-02  0.6041526794433594E-03
upwind          14      22  0.1000000000000000E+01 2816000      20  0.2074956893920898E-02  0.5406141281127930E-02  0.6203651428222656E-03
upwind          15      22  0.1000000000000000E+01 2816000      20  0.2099037170410156E-02  0.5413055419921875E-02  0.5829334259033203E-03
upwind          16      22  0.1000000000000000E+01 2816000      20  0.2068042755126953E-02  0.5400896072387695E-02  0.1019954681396484E-02
upwind          17      22  0.1000000000000000E+01 2816000      20  0.2068042755126953E-02  0.5396842956542969E-02  0.1065015792846680E-02
upwind          18      22  0.1000000000000000E+01 2816000      20  0.2065896987915039E-02  0.5398988723754883E-02  0.1112937927246094E-02
upwind          19      22  0.1000000000000000E+01 2816000      20  0.2065896987915039E-02  0.5399942398071289E-02  0.1120328903198242E-02
upwind          20      22  0.1000000000000000E+01 2816000      20  0.2095222473144531E-02  0.5391836166381836E-02  0.1174688339233398E-02
upwind          21      22  0.1000000000000000E+01 2816000      20  0.2094984054565430E-02  0.5395174026489258E-02  0.1130342483520508E-02
upwind           0      23  0.1000000000000000E+01 2944000      20  0.1732110977172852E-02  0.5306005477905273E-02  0.3457069396972656E-03
upwind           1      23  0.1000000000000000E+01 2944000      20  0.1750946044921875E-02  0.5385875701904297E-02  0.4525184631347656E-03
upwind           2      23  0.1000000000000000E+01 2944000      20  0.1725196838378906E-02  0.5385875701904297E-02  0.4971027374267578E-03
upwind           3      23  0.1000000000000000E+01 2944000      20  0.1724004745483398E-02  0.5392074584960938E-02  0.4978179931640625E-03
upwind           4      23  0.1000000000000000E+01 2944000      20  0.1734972000122070E-02  0.5385875701904297E-02  0.5679130554199219E-03
upwind           5      23  0.1000000000000000E+01 2944000      20  0.1737117767333984E-02  0.5388975143432617E-02  0.4999637603759766E-03
upwind           6      23  0.1000000000000000E+01 2944000      20  0.1737117767333984E-02  0.5388975143432617E-02  0.5843639373779297E-03
upwind           7      23  0.1000000000000000E+01 2944000      20  0.1720905303955078E-02  0.5393028259277344E-02  0.5073547363281250E-03
upwind           8      23  0.1000000000000000E+01 2944000      20  0.1729011535644531E-02  0.5392789840698242E-02  0.5090236663818359E-03
upwind           9      23  0.1000000000000000E+01 2944000      20  0.1729011535644531E-02  0.5398035049438477E-02  0.4630088806152344E-03
upwind          10      23  0.1000000000000000E+01 2944000      20  0.1723051071166992E-02  0.5391836166381836E-02  0.5512237548828125E-03
upwind          11      23  0.1000000000000000E+01 2944000      20  0.1733064651489258E-02  0.5402088165283203E-02  0.4584789276123047E-03
upwind          12      23  0.1000000000000000E+01 2944000      20  0.1736164093017578E-02  0.5405902862548828E-02  0.3991127014160156E-03
upwind          13      23  0.1000000000000000E+01 2944000      20  0.1734018325805664E-02  0.5405187606811523E-02  0.4229545593261719E-03
upwind          14      23  0.1000000000000000E+01 2944000      20  0.1721858978271484E-02  0.5403995513916016E-02  0.4613399505615234E-03
upwind          15      23  0.1000000000000000E+01 2944000      20  0.1752138137817383E-02  0.5382061004638672E-02  0.5462169647216797E-03
upwind          16      23  0.1000000000000000E+01 2944000      20  0.1619100570678711E-02  0.5388975143432617E-02  0.1143693923950195E-02
upwind          17      23  0.1000000000000000E+01 2944000      20  0.1621007919311523E-02  0.5387067794799805E-02  0.1132011413574219E-02
upwind          18      23  0.1000000000000000E+01 2944000      20  0.1604080200195312E-02  0.5390882492065430E-02  0.1087903976440430E-02
upwind          19      23  0.1000000000000000E+01 2944000      20  0.1619100570678711E-02  0.5393028259277344E-02  0.1060009002685547E-02
upwind          20      23  0.1000000000000000E+01 2944000      20  0.1635074615478516E-02  0.5403995513916016E-02  0.5617141723632812E-03
upwind          21      23  0.1000000000000000E+01 2944000      20  0.1636028289794922E-02  0.5400896072387695E-02  0.5779266357421875E-03
upwind          22      23  0.1000000000000000E+01 2944000      20  0.1635074615478516E-02  0.5400896072387695E-02  0.6487369537353516E-03
upwind           0      24  0.1000000000000000E+01 3072000      20  0.1918077468872070E-02  0.5375862121582031E-02  0.5962848663330078E-03
upwind           1      24  0.1000000000000000E+01 3072000      20  0.1945018768310547E-02  0.5381107330322266E-02  0.5631446838378906E-03
upwind           2      24  0.1000000000000000E+01 3072000      20  0.1946210861206055E-02  0.5397796630859375E-02  0.6704330444335938E-03
upwind           3      24  0.1000000000000000E+01 3072000      20  0.1938819885253906E-02  0.5422115325927734E-02  0.6041526794433594E-03
upwind           4      24  0.1000000000000000E+01 3072000      20  0.1946210861206055E-02  0.5419969558715820E-02  0.6620883941650391E-03
upwind           5      24  0.1000000000000000E+01 3072000      20  0.1945018768310547E-02  0.5495071411132812E-02  0.7033348083496094E-03
upwind           6      24  0.1000000000000000E+01 3072000      20  0.1946210861206055E-02  0.5494832992553711E-02  0.7612705230712891E-03
upwind           7      24  0.1000000000000000E+01 3072000      20  0.1945018768310547E-02  0.5524158477783203E-02  0.7679462432861328E-03
upwind           8      24  0.1000000000000000E+01 3072000      20  0.1940965652465820E-02  0.5522012710571289E-02  0.5128383636474609E-03
upwind           9      24  0.1000000000000000E+01 3072000      20  0.1945018768310547E-02  0.5536079406738281E-02  0.4491806030273438E-03
upwind          10      24  0.1000000000000000E+01 3072000      20  0.1947164535522461E-02  0.5536794662475586E-02  0.3495216369628906E-03
upwind          11      24  0.1000000000000000E+01 3072000      20  0.1940965652465820E-02  0.5537986755371094E-02  0.4153251647949219E-03
upwind          12      24  0.1000000000000000E+01 3072000      20  0.1947164535522461E-02  0.5539894104003906E-02  0.4985332489013672E-03
upwind          13      24  0.1000000000000000E+01 3072000      20  0.1945972442626953E-02  0.5547046661376953E-02  0.3597736358642578E-03
upwind          14      24  0.1000000000000000E+01 3072000      20  0.1944065093994141E-02  0.5540847778320312E-02  0.5152225494384766E-03
upwind          15      24  0.1000000000000000E+01 3072000      20  0.1938819885253906E-02  0.5549192428588867E-02  0.3869533538818359E-03
upwind          16      24  0.1000000000000000E+01 3072000      20  0.2017021179199219E-02  0.5531072616577148E-02  0.9884834289550781E-03
upwind          17      24  0.1000000000000000E+01 3072000      20  0.2017021179199219E-02  0.5532026290893555E-02  0.9737014770507812E-03
upwind          18      24  0.1000000000000000E+01 3072000      20  0.2017021179199219E-02  0.5532979965209961E-02  0.9775161743164062E-03
upwind          19      24  0.1000000000000000E+01 3072000      20  0.2017021179199219E-02  0.5536079406738281E-02  0.9236335754394531E-03
upwind          20      24  0.1000000000000000E+01 3072000      20  0.2014875411987305E-02  0.5521059036254883E-02  0.1449584960937500E-02
upwind          21      24  0.1000000000000000E+01 3072000      20  0.2023935317993164E-02  0.5527019500732422E-02  0.1368999481201172E-02
upwind          22      24  0.1000000000000000E+01 3072000      20  0.2028942108154297E-02  0.5529165267944336E-02  0.1324653625488281E-02
upwind          23      24  0.1000000000000000E+01 3072000      20  0.2028942108154297E-02  0.5522966384887695E-02  0.1429557800292969E-02
upwind           0      25  0.1000000000000000E+01 3200000      20  0.1693964004516602E-02  0.5332946777343750E-02  0.5710124969482422E-03
upwind           1      25  0.1000000000000000E+01 3200000      20  0.1718997955322266E-02  0.5388021469116211E-02  0.5898475646972656E-03
upwind           2      25  0.1000000000000000E+01 3200000      20  0.1721143722534180E-02  0.5378961563110352E-02  0.5855560302734375E-03
upwind           3      25  0.1000000000000000E+01 3200000      20  0.1719951629638672E-02  0.5382061004638672E-02  0.6194114685058594E-03
upwind           4      25  0.1000000000000000E+01 3200000      20  0.1721143722534180E-02  0.5383014678955078E-02  0.6668567657470703E-03
upwind           5      25  0.1000000000000000E+01 3200000      20  0.1719951629638672E-02  0.5384206771850586E-02  0.6639957427978516E-03
upwind           6      25  0.1000000000000000E+01 3200000      20  0.1713037490844727E-02  0.5398988723754883E-02  0.5710124969482422E-03
upwind           7      25  0.1000000000000000E+01 3200000      20  0.1717805862426758E-02  0.5398035049438477E-02  0.6539821624755859E-03
upwind           8      25  0.1000000000000000E+01 3200000      20  0.1714944839477539E-02  0.5419969558715820E-02  0.6580352783203125E-03
upwind           9      25  0.1000000000000000E+01 3200000      20  0.1717090606689453E-02  0.5420923233032227E-02  0.6179809570312500E-03
upwind          10      25  0.1000000000000000E+01 3200000      20  0.1719951629638672E-02  0.5426883697509766E-02  0.7362365722656250E-03
upwind          11      25  0.1000000000000000E+01 3200000      20  0.1718997955322266E-02  0.5434989929199219E-02  0.6523132324218750E-03
upwind          12      25  0.1000000000000000E+01 3200000      20  0.1713037490844727E-02  0.5445957183837891E-02  0.6740093231201172E-03
upwind          13      25  0.1000000000000000E+01 3200000      20  0.1712083816528320E-02  0.5453824996948242E-02  0.6239414215087891E-03
upwind          14      25  0.1000000000000000E+01 3200000      20  0.1713037490844727E-02  0.5461931228637695E-02  0.6217956542968750E-03
upwind          15      25  0.1000000000000000E+01 3200000      20  0.1720190048217773E-02  0.5466938018798828E-02  0.5640983581542969E-03
upwind          16      25  0.1000000000000000E+01 3200000      20  0.1686096191406250E-02  0.5455970764160156E-02  0.8602142333984375E-03
upwind          17      25  0.1000000000000000E+01 3200000      20  0.1685142517089844E-02  0.5454778671264648E-02  0.9107589721679688E-03
upwind          18      25  0.1000000000000000E+01 3200000      20  0.1683950424194336E-02  0.5459070205688477E-02  0.8630752563476562E-03
upwind          19      25  0.1000000000000000E+01 3200000      20  0.1683950424194336E-02  0.5459070205688477E-02  0.9570121765136719E-03
upwind          20      25  0.1000000000000000E+01 3200000      20  0.1677989959716797E-02  0.5484104156494141E-02  0.9572505950927734E-03
upwind          21      25  0.1000000000000000E+01 3200000      20  0.1698017120361328E-02  0.5494832992553711E-02  0.6077289581298828E-03
upwind          22      25  0.1000000000000000E+01 3200000      20  0.1698017120361328E-02  0.5500793457031250E-02  0.5371570587158203E-03
upwind          23      25  0.1000000000000000E+01 3200000      20  0.1698017120361328E-02  0.5499839782714844E-02  0.5598068237304688E-03
upwind          24      25  0.1000000000000000E+01 3200000      20  0.1698017120361328E-02  0.5496978759765625E-02  0.6005764007568359E-03
upwind           0      26  0.1000000000000000E+01 3328000      20  0.1654148101806641E-02  0.8885860443115234E-02  0.4238367080688477E-02
upwind           1      26  0.1000000000000000E+01 3328000      20  0.1680850982666016E-02  0.8890151977539062E-02  0.4245996475219727E-02
upwind           2      26  0.1000000000000000E+01 3328000      20  0.1680135726928711E-02  0.8926868438720703E-02  0.4198312759399414E-02
upwind           3      26  0.1000000000000000E+01 3328000      20  0.1665830612182617E-02  0.8956193923950195E-02  0.4260301589965820E-02
upwind           4      26  0.1000000000000000E+01 3328000      20  0.1680135726928711E-02  0.8955001831054688E-02  0.4284858703613281E-02
upwind           5      26  0.1000000000000000E+01 3328000      20  0.1671075820922852E-02  0.8985996246337891E-02  0.4295825958251953E-02
upwind           6      26  0.1000000000000000E+01 3328000      20  0.1682043075561523E-02  0.8996963500976562E-02  0.4258155822753906E-02
upwind           7      26  0.1000000000000000E+01 3328000      20  0.1677989959716797E-02  0.9016036987304688E-02  0.4314899444580078E-02
upwind           8      26  0.1000000000000000E+01 3328000      20  0.1680135726928711E-02  0.9018898010253906E-02  0.4049539566040039E-02
upwind           9      26  0.1000000000000000E+01 3328000      20  0.1680135726928711E-02  0.9021997451782227E-02  0.4034996032714844E-02
upwind          10      26  0.1000000000000000E+01 3328000      20  0.1681089401245117E-02  0.9016990661621094E-02  0.4130840301513672E-02
upwind          11      26  0.1000000000000000E+01 3328000      20  0.1680135726928711E-02  0.9020805358886719E-02  0.4124879837036133E-02
upwind          12      26  0.1000000000000000E+01 3328000      20  0.1679182052612305E-02  0.9019851684570312E-02  0.4105329513549805E-02
upwind          13      26  0.1000000000000000E+01 3328000      20  0.1674175262451172E-02  0.9024858474731445E-02  0.4118442535400391E-02
upwind          14      26  0.1000000000000000E+01 3328000      20  0.1681089401245117E-02  0.9029865264892578E-02  0.4028797149658203E-02
upwind          15      26  0.1000000000000000E+01 3328000      20  0.1680135726928711E-02  0.9027004241943359E-02  0.4179954528808594E-02
upwind          16      26  0.1000000000000000E+01 3328000      20  0.1682043075561523E-02  0.9011030197143555E-02  0.4750967025756836E-02
upwind          17      26  0.1000000000000000E+01 3328000      20  0.1681089401245117E-02  0.9013891220092773E-02  0.4703760147094727E-02
upwind          18      26  0.1000000000000000E+01 3328000      20  0.1681089401245117E-02  0.9012937545776367E-02  0.4757642745971680E-02
upwind          19      26  0.1000000000000000E+01 3328000      20  0.1679897308349609E-02  0.9015083312988281E-02  0.4748582839965820E-02
upwind          20      26  0.1000000000000000E+01 3328000      20  0.1679897308349609E-02  0.9015083312988281E-02  0.4760503768920898E-02
upwind          21      26  0.1000000000000000E+01 3328000      20  0.1684904098510742E-02  0.9020090103149414E-02  0.4433155059814453E-02
upwind          22      26  0.1000000000000000E+01 3328000      20  0.1684904098510742E-02  0.9021997451782227E-02  0.4403829574584961E-02
upwind          23      26  0.1000000000000000E+01 3328000      20  0.1684904098510742E-02  0.9024143218994141E-02  0.4377126693725586E-02
upwind          24      26  0.1000000000000000E+01 3328000      20  0.1684904098510742E-02  0.9023189544677734E-02  0.4390478134155273E-02
upwind          25      26  0.1000000000000000E+01 3328000      20  0.1682996749877930E-02  0.9021043777465820E-02  0.4516363143920898E-02
upwind           0      27  0.1000000000000000E+01 3456000      20  0.1678943634033203E-02  0.5789041519165039E-02  0.1075267791748047E-02
upwind           1      27  0.1000000000000000E+01 3456000      20  0.1693010330200195E-02  0.5788087844848633E-02  0.1007795333862305E-02
upwind           2      27  0.1000000000000000E+01 3456000      20  0.1693010330200195E-02  0.5801916122436523E-02  0.1048803329467773E-02
upwind           3      27  0.1000000000000000E+01 3456000      20  0.1688003540039062E-02  0.5799055099487305E-02  0.1115322113037109E-02
upwind           4      27  0.1000000000000000E+01 3456000      20  0.1692056655883789E-02  0.5821943283081055E-02  0.1016139984130859E-02
upwind           5      27  0.1000000000000000E+01 3456000      20  0.1693010330200195E-02  0.5831003189086914E-02  0.1128911972045898E-02
upwind           6      27  0.1000000000000000E+01 3456000      20  0.1684904098510742E-02  0.5841970443725586E-02  0.1099586486816406E-02
upwind           7      27  0.1000000000000000E+01 3456000      20  0.1688957214355469E-02  0.5867958068847656E-02  0.1235008239746094E-02
upwind           8      27  0.1000000000000000E+01 3456000      20  0.1692056655883789E-02  0.5872011184692383E-02  0.9591579437255859E-03
upwind           9      27  0.1000000000000000E+01 3456000      20  0.1677036285400391E-02  0.5877017974853516E-02  0.8370876312255859E-03
upwind          10      27  0.1000000000000000E+01 3456000      20  0.1693010330200195E-02  0.5873918533325195E-02  0.9369850158691406E-03
upwind          11      27  0.1000000000000000E+01 3456000      20  0.1683950424194336E-02  0.5877971649169922E-02  0.9253025054931641E-03
upwind          12      27  0.1000000000000000E+01 3456000      20  0.1693964004516602E-02  0.5877017974853516E-02  0.9679794311523438E-03
upwind          13      27  0.1000000000000000E+01 3456000      20  0.1689910888671875E-02  0.5876064300537109E-02  0.9820461273193359E-03
upwind          14      27  0.1000000000000000E+01 3456000      20  0.1693964004516602E-02  0.5877971649169922E-02  0.9975433349609375E-03
upwind          15      27  0.1000000000000000E+01 3456000      20  0.1686096191406250E-02  0.5877971649169922E-02  0.1008033752441406E-02
upwind          16      27  0.1000000000000000E+01 3456000      20  0.1734972000122070E-02  0.5869150161743164E-02  0.1500129699707031E-02
upwind          17      27  0.1000000000000000E+01 3456000      20  0.1734018325805664E-02  0.5872964859008789E-02  0.1452207565307617E-02
upwind          18      27  0.1000000000000000E+01 3456000      20  0.1734018325805664E-02  0.5870103836059570E-02  0.1517772674560547E-02
upwind          19      27  0.1000000000000000E+01 3456000      20  0.1734018325805664E-02  0.5870103836059570E-02  0.1539230346679688E-02
upwind          20      27  0.1000000000000000E+01 3456000      20  0.1734972000122070E-02  0.5869150161743164E-02  0.1551151275634766E-02
upwind          21      27  0.1000000000000000E+01 3456000      20  0.1734018325805664E-02  0.5876064300537109E-02  0.1420736312866211E-02
upwind          22      27  0.1000000000000000E+01 3456000      20  0.1738071441650391E-02  0.5883932113647461E-02  0.1100063323974609E-02
upwind          23      27  0.1000000000000000E+01 3456000      20  0.1739025115966797E-02  0.5882978439331055E-02  0.1122951507568359E-02
upwind          24      27  0.1000000000000000E+01 3456000      20  0.1738071441650391E-02  0.5882024765014648E-02  0.1170158386230469E-02
upwind          25      27  0.1000000000000000E+01 3456000      20  0.1739025115966797E-02  0.5882978439331055E-02  0.1143932342529297E-02
upwind          26      27  0.1000000000000000E+01 3456000      20  0.1739025115966797E-02  0.5878925323486328E-02  0.1267671585083008E-02
upwind           0      28  0.1000000000000000E+01 3584000      20  0.2187013626098633E-02  0.5104064941406250E-02  0.3826618194580078E-03
upwind           1      28  0.1000000000000000E+01 3584000      20  0.1686096191406250E-02  0.5661964416503906E-02  0.8039474487304688E-03
upwind           2      28  0.1000000000000000E+01 3584000      20  0.1699924468994141E-02  0.5718946456909180E-02  0.9596347808837891E-03
upwind           3      28  0.1000000000000000E+01 3584000      20  0.1688003540039062E-02  0.5712985992431641E-02  0.7903575897216797E-03
upwind           4      28  0.1000000000000000E+01 3584000      20  0.1700878143310547E-02  0.5711078643798828E-02  0.9214878082275391E-03
upwind           5      28  0.1000000000000000E+01 3584000      20  0.1698017120361328E-02  0.5786895751953125E-02  0.9219646453857422E-03
upwind           6      28  0.1000000000000000E+01 3584000      20  0.1698970794677734E-02  0.5771160125732422E-02  0.9200572967529297E-03
upwind           7      28  0.1000000000000000E+01 3584000      20  0.1699924468994141E-02  0.5808115005493164E-02  0.9977817535400391E-03
upwind           8      28  0.1000000000000000E+01 3584000      20  0.1701831817626953E-02  0.5808115005493164E-02  0.7069110870361328E-03
upwind           9      28  0.1000000000000000E+01 3584000      20  0.1698017120361328E-02  0.5810976028442383E-02  0.7491111755371094E-03
upwind          10      28  0.1000000000000000E+01 3584000      20  0.1701831817626953E-02  0.5836009979248047E-02  0.6859302520751953E-03
upwind          11      28  0.1000000000000000E+01 3584000      20  0.1699924468994141E-02  0.5845069885253906E-02  0.8201599121093750E-03
upwind          12      28  0.1000000000000000E+01 3584000      20  0.1700878143310547E-02  0.5855083465576172E-02  0.5874633789062500E-03
upwind          13      28  0.1000000000000000E+01 3584000      20  0.1700878143310547E-02  0.5842924118041992E-02  0.8628368377685547E-03
upwind          14      28  0.1000000000000000E+01 3584000      20  0.1701831817626953E-02  0.5849123001098633E-02  0.6783008575439453E-03
upwind          15      28  0.1000000000000000E+01 3584000      20  0.1698970794677734E-02  0.5852937698364258E-02  0.6616115570068359E-03
upwind          16      28  0.1000000000000000E+01 3584000      20  0.1758098602294922E-02  0.5825996398925781E-02  0.1566648483276367E-02
upwind          17      28  0.1000000000000000E+01 3584000      20  0.1756906509399414E-02  0.5825996398925781E-02  0.1574277877807617E-02
upwind          18      28  0.1000000000000000E+01 3584000      20  0.1756906509399414E-02  0.5828142166137695E-02  0.1554012298583984E-02
upwind          19      28  0.1000000000000000E+01 3584000      20  0.1754045486450195E-02  0.5830049514770508E-02  0.1554489135742188E-02
upwind          20      28  0.1000000000000000E+01 3584000      20  0.1756191253662109E-02  0.5828857421875000E-02  0.1553535461425781E-02
upwind          21      28  0.1000000000000000E+01 3584000      20  0.1756906509399414E-02  0.5828142166137695E-02  0.1607418060302734E-02
upwind          22      28  0.1000000000000000E+01 3584000      20  0.1763105392456055E-02  0.5846977233886719E-02  0.8504390716552734E-03
upwind          23      28  0.1000000000000000E+01 3584000      20  0.1761913299560547E-02  0.5847215652465820E-02  0.9088516235351562E-03
upwind          24      28  0.1000000000000000E+01 3584000      20  0.1761913299560547E-02  0.5849123001098633E-02  0.8535385131835938E-03
upwind          25      28  0.1000000000000000E+01 3584000      20  0.1760959625244141E-02  0.5856990814208984E-02  0.7188320159912109E-03
upwind          26      28  0.1000000000000000E+01 3584000      20  0.1761913299560547E-02  0.5850076675415039E-02  0.8621215820312500E-03
upwind          27      28  0.1000000000000000E+01 3584000      20  0.1761913299560547E-02  0.5853176116943359E-02  0.8187294006347656E-03
upwind           0      29  0.1000000000000000E+01 3712000      20  0.2035856246948242E-02  0.5207061767578125E-02  0.4031658172607422E-03
upwind           1      29  0.1000000000000000E+01 3712000      20  0.2055883407592773E-02  0.5215167999267578E-02  0.2579689025878906E-03
upwind           2      29  0.1000000000000000E+01 3712000      20  0.1799106597900391E-02  0.5467891693115234E-02  0.6363391876220703E-03
upwind           3      29  0.1000000000000000E+01 3712000      20  0.1791000366210938E-02  0.5467891693115234E-02  0.5815029144287109E-03
upwind           4      29  0.1000000000000000E+01 3712000      20  0.1794099807739258E-02  0.5471944808959961E-02  0.5669593811035156E-03
upwind           5      29  0.1000000000000000E+01 3712000      20  0.1796007156372070E-02  0.5469799041748047E-02  0.6110668182373047E-03
upwind           6      29  0.1000000000000000E+01 3712000      20  0.1797199249267578E-02  0.5491018295288086E-02  0.5881786346435547E-03
upwind           7      29  0.1000000000000000E+01 3712000      20  0.1792907714843750E-02  0.5494117736816406E-02  0.5154609680175781E-03
upwind           8      29  0.1000000000000000E+01 3712000      20  0.1800060272216797E-02  0.5486965179443359E-02  0.5567073822021484E-03
upwind           9      29  0.1000000000000000E+01 3712000      20  0.1797914505004883E-02  0.5498170852661133E-02  0.5638599395751953E-03
upwind          10      29  0.1000000000000000E+01 3712000      20  0.1801013946533203E-02  0.5496978759765625E-02  0.4911422729492188E-03
upwind          11      29  0.1000000000000000E+01 3712000      20  0.1800060272216797E-02  0.5498886108398438E-02  0.4768371582031250E-03
upwind          12      29  0.1000000000000000E+01 3712000      20  0.1800060272216797E-02  0.5499839782714844E-02  0.5104541778564453E-03
upwind          13      29  0.1000000000000000E+01 3712000      20  0.1799106597900391E-02  0.5497932434082031E-02  0.6341934204101562E-03
upwind          14      29  0.1000000000000000E+01 3712000      20  0.1799106597900391E-02  0.5500793457031250E-02  0.5393028259277344E-03
upwind          15      29  0.1000000000000000E+01 3712000      20  0.1794099807739258E-02  0.5502939224243164E-02  0.5202293395996094E-03
upwind          16      29  0.1000000000000000E+01 3712000      20  0.1839160919189453E-02  0.5234956741333008E-02  0.7643699645996094E-03
upwind          17      29  0.1000000000000000E+01 3712000      20  0.1840114593505859E-02  0.5234956741333008E-02  0.7367134094238281E-03
upwind          18      29  0.1000000000000000E+01 3712000      20  0.1581907272338867E-02  0.5494117736816406E-02  0.1046419143676758E-02
upwind          19      29  0.1000000000000000E+01 3712000      20  0.1585960388183594E-02  0.5503892898559570E-02  0.9117126464843750E-03
upwind          20      29  0.1000000000000000E+01 3712000      20  0.1585006713867188E-02  0.5496025085449219E-02  0.1055240631103516E-02
upwind          21      29  0.1000000000000000E+01 3712000      20  0.1585960388183594E-02  0.5496025085449219E-02  0.1054048538208008E-02
upwind          22      29  0.1000000000000000E+01 3712000      20  0.1586914062500000E-02  0.5497932434082031E-02  0.9977817535400391E-03
upwind          23      29  0.1000000000000000E+01 3712000      20  0.1593112945556641E-02  0.5496025085449219E-02  0.1259326934814453E-02
upwind          24      29  0.1000000000000000E+01 3712000      20  0.1594066619873047E-02  0.5492925643920898E-02  0.1296758651733398E-02
upwind          25      29  0.1000000000000000E+01 3712000      20  0.1593112945556641E-02  0.5495071411132812E-02  0.1317977905273438E-02
upwind          26      29  0.1000000000000000E+01 3712000      20  0.1593112945556641E-02  0.5500078201293945E-02  0.1238346099853516E-02
upwind          27      29  0.1000000000000000E+01 3712000      20  0.1582145690917969E-02  0.5496025085449219E-02  0.1333236694335938E-02
upwind          28      29  0.1000000000000000E+01 3712000      20  0.1589059829711914E-02  0.5493879318237305E-02  0.1358032226562500E-02
upwind           0      30  0.1000000000000000E+01 3840000      20  0.1873016357421875E-02  0.5606174468994141E-02  0.8573532104492188E-03
upwind           1      30  0.1000000000000000E+01 3840000      20  0.1892089843750000E-02  0.5644083023071289E-02  0.8435249328613281E-03
upwind           2      30  0.1000000000000000E+01 3840000      20  0.1909017562866211E-02  0.5650997161865234E-02  0.8058547973632812E-03
upwind           3      30  0.1000000000000000E+01 3840000      20  0.1899957656860352E-02  0.5650043487548828E-02  0.8397102355957031E-03
upwind           4      30  0.1000000000000000E+01 3840000      20  0.1894950866699219E-02  0.5680084228515625E-02  0.8459091186523438E-03
upwind           5      30  0.1000000000000000E+01 3840000      20  0.1893997192382812E-02  0.5712032318115234E-02  0.9505748748779297E-03
upwind           6      30  0.1000000000000000E+01 3840000      20  0.2089977264404297E-02  0.5562067031860352E-02  0.6566047668457031E-03
upwind           7      30  0.1000000000000000E+01 3840000      20  0.2072095870971680E-02  0.5589008331298828E-02  0.7882118225097656E-03
upwind           8      30  0.1000000000000000E+01 3840000      20  0.1911878585815430E-02  0.5764007568359375E-02  0.6158351898193359E-03
upwind           9      30  0.1000000000000000E+01 3840000      20  0.1893043518066406E-02  0.5759000778198242E-02  0.7412433624267578E-03
upwind          10      30  0.1000000000000000E+01 3840000      20  0.1902818679809570E-02  0.5752086639404297E-02  0.8425712585449219E-03
upwind          11      30  0.1000000000000000E+01 3840000      20  0.1899003982543945E-02  0.5757093429565430E-02  0.7853507995605469E-03
upwind          12      30  0.1000000000000000E+01 3840000      20  0.1892805099487305E-02  0.5756139755249023E-02  0.7405281066894531E-03
upwind          13      30  0.1000000000000000E+01 3840000      20  0.1900911331176758E-02  0.5759000778198242E-02  0.6928443908691406E-03
upwind          14      30  0.1000000000000000E+01 3840000      20  0.1895904541015625E-02  0.5757093429565430E-02  0.7240772247314453E-03
upwind          15      30  0.1000000000000000E+01 3840000      20  0.1910924911499023E-02  0.5759954452514648E-02  0.7851123809814453E-03
upwind          16      30  0.1000000000000000E+01 3840000      20  0.1626014709472656E-02  0.5744934082031250E-02  0.1320838928222656E-02
upwind          17      30  0.1000000000000000E+01 3840000      20  0.1626014709472656E-02  0.5743980407714844E-02  0.1396894454956055E-02
upwind          18      30  0.1000000000000000E+01 3840000      20  0.1626968383789062E-02  0.5747079849243164E-02  0.1325607299804688E-02
upwind          19      30  0.1000000000000000E+01 3840000      20  0.1626014709472656E-02  0.5748987197875977E-02  0.1298904418945312E-02
upwind          20      30  0.1000000000000000E+01 3840000      20  0.1626968383789062E-02  0.5745887756347656E-02  0.1364469528198242E-02
upwind          21      30  0.1000000000000000E+01 3840000      20  0.1626014709472656E-02  0.5751848220825195E-02  0.1263856887817383E-02
upwind          22      30  0.1000000000000000E+01 3840000      20  0.1801967620849609E-02  0.5573987960815430E-02  0.1148223876953125E-02
upwind          23      30  0.1000000000000000E+01 3840000      20  0.1790046691894531E-02  0.5573034286499023E-02  0.1274108886718750E-02
upwind          24      30  0.1000000000000000E+01 3840000      20  0.1630067825317383E-02  0.5748987197875977E-02  0.1444101333618164E-02
upwind          25      30  0.1000000000000000E+01 3840000      20  0.1626968383789062E-02  0.5748987197875977E-02  0.1435756683349609E-02
upwind          26      30  0.1000000000000000E+01 3840000      20  0.1636981964111328E-02  0.5746126174926758E-02  0.1484632492065430E-02
upwind          27      30  0.1000000000000000E+01 3840000      20  0.1629114151000977E-02  0.5750894546508789E-02  0.1428604125976562E-02
upwind          28      30  0.1000000000000000E+01 3840000      20  0.1631021499633789E-02  0.5748033523559570E-02  0.1488447189331055E-02
upwind          29      30  0.1000000000000000E+01 3840000      20  0.1634120941162109E-02  0.5751848220825195E-02  0.1454114913940430E-02
upwind           0      31  0.1000000000000000E+01 3968000      20  0.2899885177612305E-02  0.5439996719360352E-02  0.6537437438964844E-03
upwind           1      31  0.1000000000000000E+01 3968000      20  0.2903938293457031E-02  0.5440950393676758E-02  0.6804466247558594E-03
upwind           2      31  0.1000000000000000E+01 3968000      20  0.2909898757934570E-02  0.5434989929199219E-02  0.7698535919189453E-03
upwind           3      31  0.1000000000000000E+01 3968000      20  0.2909898757934570E-02  0.5465030670166016E-02  0.7722377777099609E-03
upwind           4      31  0.1000000000000000E+01 3968000      20  0.2909898757934570E-02  0.5490064620971680E-02  0.6563663482666016E-03
upwind           5      31  0.1000000000000000E+01 3968000      20  0.2892971038818359E-02  0.5600929260253906E-02  0.9558200836181641E-03
upwind           6      31  0.1000000000000000E+01 3968000      20  0.2897977828979492E-02  0.5579948425292969E-02  0.8206367492675781E-03
upwind           7      31  0.1000000000000000E+01 3968000      20  0.2912998199462891E-02  0.5589962005615234E-02  0.7901191711425781E-03
upwind           8      31  0.1000000000000000E+01 3968000      20  0.2894163131713867E-02  0.5589962005615234E-02  0.6530284881591797E-03
upwind           9      31  0.1000000000000000E+01 3968000      20  0.1354932785034180E-02  0.5588054656982422E-02  0.7758140563964844E-03
upwind          10      31  0.1000000000000000E+01 3968000      20  0.2902030944824219E-02  0.5594015121459961E-02  0.6787776947021484E-03
upwind          11      31  0.1000000000000000E+01 3968000      20  0.2901077270507812E-02  0.5590915679931641E-02  0.6752014160156250E-03
upwind          12      31  0.1000000000000000E+01 3968000      20  0.2896070480346680E-02  0.5614042282104492E-02  0.6966590881347656E-03
upwind          13      31  0.1000000000000000E+01 3968000      20  0.2901077270507812E-02  0.5629062652587891E-02  0.7233619689941406E-03
upwind          14      31  0.1000000000000000E+01 3968000      20  0.2902030944824219E-02  0.5646944046020508E-02  0.7550716400146484E-03
upwind          15      31  0.1000000000000000E+01 3968000      20  0.2901077270507812E-02  0.5656003952026367E-02  0.6463527679443359E-03
upwind          16      31  0.1000000000000000E+01 3968000      20  0.2812862396240234E-02  0.5650043487548828E-02  0.4835128784179688E-03
upwind          17      31  0.1000000000000000E+01 3968000      20  0.2804994583129883E-02  0.5644083023071289E-02  0.6601810455322266E-03
upwind          18      31  0.1000000000000000E+01 3968000      20  0.2805948257446289E-02  0.5643129348754883E-02  0.6825923919677734E-03
upwind          19      31  0.1000000000000000E+01 3968000      20  0.2813100814819336E-02  0.5647897720336914E-02  0.5991458892822266E-03
upwind          20      31  0.1000000000000000E+01 3968000      20  0.2819061279296875E-02  0.5646944046020508E-02  0.5605220794677734E-03
upwind          21      31  0.1000000000000000E+01 3968000      20  0.2818107604980469E-02  0.5651950836181641E-02  0.6589889526367188E-03
upwind          22      31  0.1000000000000000E+01 3968000      20  0.2818107604980469E-02  0.5656003952026367E-02  0.5013942718505859E-03
upwind          23      31  0.1000000000000000E+01 3968000      20  0.2820014953613281E-02  0.5661010742187500E-02  0.4673004150390625E-03
upwind          24      31  0.1000000000000000E+01 3968000      20  0.2816915512084961E-02  0.5641937255859375E-02  0.1248598098754883E-02
upwind          25      31  0.1000000000000000E+01 3968000      20  0.2819061279296875E-02  0.5641937255859375E-02  0.1275062561035156E-02
upwind          26      31  0.1000000000000000E+01 3968000      20  0.2820014953613281E-02  0.5641937255859375E-02  0.1294851303100586E-02
upwind          27      31  0.1000000000000000E+01 3968000      20  0.2808094024658203E-02  0.5645036697387695E-02  0.1235723495483398E-02
upwind          28      31  0.1000000000000000E+01 3968000      20  0.2800941467285156E-02  0.5643129348754883E-02  0.1296758651733398E-02
upwind          29      31  0.1000000000000000E+01 3968000      20  0.2816915512084961E-02  0.5641937255859375E-02  0.1352310180664062E-02
upwind          30      31  0.1000000000000000E+01 3968000      20  0.2819061279296875E-02  0.5644083023071289E-02  0.1325130462646484E-02
upwind           0      32  0.1000000000000000E+01 4096000      20  0.1698970794677734E-02  0.5966901779174805E-02  0.1204729080200195E-02
upwind           1      32  0.1000000000000000E+01 4096000      20  0.1724004745483398E-02  0.5944967269897461E-02  0.1236438751220703E-02
upwind           2      32  0.1000000000000000E+01 4096000      20  0.1724004745483398E-02  0.5950927734375000E-02  0.1176118850708008E-02
upwind           3      32  0.1000000000000000E+01 4096000      20  0.1722097396850586E-02  0.5954027175903320E-02  0.1113176345825195E-02
upwind           4      32  0.1000000000000000E+01 4096000      20  0.1708984375000000E-02  0.5949020385742188E-02  0.1225709915161133E-02
upwind           5      32  0.1000000000000000E+01 4096000      20  0.1718997955322266E-02  0.5952119827270508E-02  0.1165866851806641E-02
upwind           6      32  0.1000000000000000E+01 4096000      20  0.1722097396850586E-02  0.5980968475341797E-02  0.1229286193847656E-02
upwind           7      32  0.1000000000000000E+01 4096000      20  0.1722097396850586E-02  0.6016969680786133E-02  0.1270294189453125E-02
upwind           8      32  0.1000000000000000E+01 4096000      20  0.1722812652587891E-02  0.6014108657836914E-02  0.9789466857910156E-03
upwind           9      32  0.1000000000000000E+01 4096000      20  0.1723051071166992E-02  0.6019115447998047E-02  0.9429454803466797E-03
upwind          10      32  0.1000000000000000E+01 4096000      20  0.1714944839477539E-02  0.6016016006469727E-02  0.1042842864990234E-02
upwind          11      32  0.1000000000000000E+01 4096000      20  0.1723051071166992E-02  0.6020069122314453E-02  0.1059293746948242E-02
upwind          12      32  0.1000000000000000E+01 4096000      20  0.1723051071166992E-02  0.6021976470947266E-02  0.9555816650390625E-03
upwind          13      32  0.1000000000000000E+01 4096000      20  0.1714944839477539E-02  0.6042957305908203E-02  0.1086711883544922E-02
upwind          14      32  0.1000000000000000E+01 4096000      20  0.1720905303955078E-02  0.6036043167114258E-02  0.1110076904296875E-02
upwind          15      32  0.1000000000000000E+01 4096000      20  0.1723051071166992E-02  0.6048917770385742E-02  0.1085758209228516E-02
upwind          16      32  0.1000000000000000E+01 4096000      20  0.1670122146606445E-02  0.6052970886230469E-02  0.8893013000488281E-03
upwind          17      32  0.1000000000000000E+01 4096000      20  0.1671075820922852E-02  0.6046056747436523E-02  0.1022338867187500E-02
upwind          18      32  0.1000000000000000E+01 4096000      20  0.1671075820922852E-02  0.6048917770385742E-02  0.1045465469360352E-02
upwind          19      32  0.1000000000000000E+01 4096000      20  0.1667976379394531E-02  0.6048917770385742E-02  0.1042366027832031E-02
upwind          20      32  0.1000000000000000E+01 4096000      20  0.1657962799072266E-02  0.6047010421752930E-02  0.1106023788452148E-02
upwind          21      32  0.1000000000000000E+01 4096000      20  0.1666069030761719E-02  0.6048917770385742E-02  0.9706020355224609E-03
upwind          22      32  0.1000000000000000E+01 4096000      20  0.1667976379394531E-02  0.6047010421752930E-02  0.1179933547973633E-02
upwind          23      32  0.1000000000000000E+01 4096000      20  0.1669168472290039E-02  0.6048917770385742E-02  0.1101255416870117E-02
upwind          24      32  0.1000000000000000E+01 4096000      20  0.1656055450439453E-02  0.6052017211914062E-02  0.9806156158447266E-03
upwind          25      32  0.1000000000000000E+01 4096000      20  0.1667976379394531E-02  0.6048917770385742E-02  0.1111507415771484E-02
upwind          26      32  0.1000000000000000E+01 4096000      20  0.1656055450439453E-02  0.6053924560546875E-02  0.9870529174804688E-03
upwind          27      32  0.1000000000000000E+01 4096000      20  0.1659870147705078E-02  0.6055116653442383E-02  0.9078979492187500E-03
upwind          28      32  0.1000000000000000E+01 4096000      20  0.1662015914916992E-02  0.6054878234863281E-02  0.9806156158447266E-03
upwind          29      32  0.1000000000000000E+01 4096000      20  0.1663923263549805E-02  0.6054878234863281E-02  0.1010417938232422E-02
upwind          30      32  0.1000000000000000E+01 4096000      20  0.1667976379394531E-02  0.6053924560546875E-02  0.1081466674804688E-02
upwind          31      32  0.1000000000000000E+01 4096000      20  0.1667976379394531E-02  0.6052017211914062E-02  0.1095294952392578E-02
