upwind           0       1  0.1000000000000000E+01   32000      20  0.8900165557861328E-03  0.1152992248535156E-02  0.3099441528320312E-05
upwind           0       2  0.1000000000000000E+01   64000      20  0.5359649658203125E-03  0.1206874847412109E-02  0.2722740173339844E-03
upwind           1       2  0.1000000000000000E+01   64000      20  0.5688667297363281E-03  0.1210212707519531E-02  0.2300739288330078E-03
upwind           0       3  0.1000000000000000E+01   96000      20  0.5290508270263672E-03  0.1142024993896484E-02  0.1788139343261719E-03
upwind           1       3  0.1000000000000000E+01   96000      20  0.5271434783935547E-03  0.1157045364379883E-02  0.2164840698242188E-03
upwind           2       3  0.1000000000000000E+01   96000      20  0.5300045013427734E-03  0.1154899597167969E-02  0.2427101135253906E-03
upwind           0       4  0.1000000000000000E+01  128000      20  0.4780292510986328E-03  0.1363039016723633E-02  0.3600120544433594E-03
upwind           1       4  0.1000000000000000E+01  128000      20  0.4999637603759766E-03  0.1364946365356445E-02  0.3345012664794922E-03
upwind           2       4  0.1000000000000000E+01  128000      20  0.4999637603759766E-03  0.1363992691040039E-02  0.3669261932373047E-03
upwind           3       4  0.1000000000000000E+01  128000      20  0.4761219024658203E-03  0.1364946365356445E-02  0.3640651702880859E-03
upwind           0       5  0.1000000000000000E+01  160000      20  0.4680156707763672E-03  0.1275062561035156E-02  0.1952648162841797E-03
upwind           1       5  0.1000000000000000E+01  160000      20  0.4789829254150391E-03  0.1273870468139648E-02  0.2400875091552734E-03
upwind           2       5  0.1000000000000000E+01  160000      20  0.4839897155761719E-03  0.1274824142456055E-02  0.2479553222656250E-03
upwind           3       5  0.1000000000000000E+01  160000      20  0.4851818084716797E-03  0.1274824142456055E-02  0.3137588500976562E-03
upwind           4       5  0.1000000000000000E+01  160000      20  0.4670619964599609E-03  0.1274824142456055E-02  0.3321170806884766E-03
upwind           0       6  0.1000000000000000E+01  192000      20  0.5378723144531250E-03  0.1477956771850586E-02  0.4467964172363281E-03
upwind           1       6  0.1000000000000000E+01  192000      20  0.5629062652587891E-03  0.1481056213378906E-02  0.4999637603759766E-03
upwind           2       6  0.1000000000000000E+01  192000      20  0.5660057067871094E-03  0.1486063003540039E-02  0.4897117614746094E-03
upwind           3       6  0.1000000000000000E+01  192000      20  0.5609989166259766E-03  0.1492023468017578E-02  0.5149841308593750E-03
upwind           4       6  0.1000000000000000E+01  192000      20  0.5629062652587891E-03  0.1496076583862305E-02  0.4568099975585938E-03
upwind           5       6  0.1000000000000000E+01  192000      20  0.5650520324707031E-03  0.1493930816650391E-02  0.4928112030029297E-03
upwind           0       7  0.1000000000000000E+01  224000      20  0.5278587341308594E-03  0.1266002655029297E-02  0.2255439758300781E-03
upwind           1       7  0.1000000000000000E+01  224000      20  0.5450248718261719E-03  0.1268863677978516E-02  0.2586841583251953E-03
upwind           2       7  0.1000000000000000E+01  224000      20  0.5478858947753906E-03  0.1267910003662109E-02  0.2300739288330078E-03
upwind           3       7  0.1000000000000000E+01  224000      20  0.5409717559814453E-03  0.1268863677978516E-02  0.2703666687011719E-03
upwind           4       7  0.1000000000000000E+01  224000      20  0.5559921264648438E-03  0.1266002655029297E-02  0.3252029418945312E-03
upwind           5       7  0.1000000000000000E+01  224000      20  0.5481243133544922E-03  0.1267910003662109E-02  0.3302097320556641E-03
upwind           6       7  0.1000000000000000E+01  224000      20  0.5550384521484375E-03  0.1267910003662109E-02  0.3268718719482422E-03
upwind           0       8  0.1000000000000000E+01  256000      20  0.6711483001708984E-03  0.1375913619995117E-02  0.2958774566650391E-03
upwind           1       8  0.1000000000000000E+01  256000      20  0.6990432739257812E-03  0.1379013061523438E-02  0.3147125244140625E-03
upwind           2       8  0.1000000000000000E+01  256000      20  0.6980895996093750E-03  0.1384019851684570E-02  0.2794265747070312E-03
upwind           3       8  0.1000000000000000E+01  256000      20  0.6990432739257812E-03  0.1380920410156250E-02  0.3120899200439453E-03
upwind           4       8  0.1000000000000000E+01  256000      20  0.6971359252929688E-03  0.1379013061523438E-02  0.4289150238037109E-03
upwind           5       8  0.1000000000000000E+01  256000      20  0.6971359252929688E-03  0.1381874084472656E-02  0.3843307495117188E-03
upwind           6       8  0.1000000000000000E+01  256000      20  0.6971359252929688E-03  0.1379966735839844E-02  0.4251003265380859E-03
upwind           7       8  0.1000000000000000E+01  256000      20  0.6961822509765625E-03  0.1379966735839844E-02  0.4034042358398438E-03
upwind           0       9  0.1000000000000000E+01  288000      20  0.6110668182373047E-03  0.1315832138061523E-02  0.3261566162109375E-03
upwind           1       9  0.1000000000000000E+01  288000      20  0.6308555603027344E-03  0.1320123672485352E-02  0.2741813659667969E-03
upwind           2       9  0.1000000000000000E+01  288000      20  0.6279945373535156E-03  0.1318931579589844E-02  0.3199577331542969E-03
upwind           3       9  0.1000000000000000E+01  288000      20  0.6318092346191406E-03  0.1319169998168945E-02  0.3175735473632812E-03
upwind           4       9  0.1000000000000000E+01  288000      20  0.6279945373535156E-03  0.1321077346801758E-02  0.3178119659423828E-03
upwind           5       9  0.1000000000000000E+01  288000      20  0.6299018859863281E-03  0.1322031021118164E-02  0.2853870391845703E-03
upwind           6       9  0.1000000000000000E+01  288000      20  0.6248950958251953E-03  0.1322031021118164E-02  0.3120899200439453E-03
upwind           7       9  0.1000000000000000E+01  288000      20  0.6289482116699219E-03  0.1321077346801758E-02  0.3163814544677734E-03
upwind           8       9  0.1000000000000000E+01  288000      20  0.6279945373535156E-03  0.1322031021118164E-02  0.2765655517578125E-03
upwind           0      10  0.1000000000000000E+01  320000      20  0.5841255187988281E-03  0.1297950744628906E-02  0.3187656402587891E-03
upwind           1      10  0.1000000000000000E+01  320000      20  0.5960464477539062E-03  0.1302003860473633E-02  0.3225803375244141E-03
upwind           2      10  0.1000000000000000E+01  320000      20  0.5919933319091797E-03  0.1303911209106445E-02  0.3321170806884766E-03
upwind           3      10  0.1000000000000000E+01  320000      20  0.6020069122314453E-03  0.1308917999267578E-02  0.3378391265869141E-03
upwind           4      10  0.1000000000000000E+01  320000      20  0.5981922149658203E-03  0.1311779022216797E-02  0.3385543823242188E-03
upwind           5      10  0.1000000000000000E+01  320000      20  0.5979537963867188E-03  0.1315116882324219E-02  0.2908706665039062E-03
upwind           6      10  0.1000000000000000E+01  320000      20  0.6070137023925781E-03  0.1311779022216797E-02  0.3352165222167969E-03
upwind           7      10  0.1000000000000000E+01  320000      20  0.6058216094970703E-03  0.1316070556640625E-02  0.3063678741455078E-03
upwind           8      10  0.1000000000000000E+01  320000      20  0.6000995635986328E-03  0.1312971115112305E-02  0.3445148468017578E-03
upwind           9      10  0.1000000000000000E+01  320000      20  0.5998611450195312E-03  0.1314163208007812E-02  0.3318786621093750E-03
upwind           0      11  0.1000000000000000E+01  352000      20  0.6010532379150391E-03  0.1391887664794922E-02  0.3440380096435547E-03
upwind           1      11  0.1000000000000000E+01  352000      20  0.6220340728759766E-03  0.1393795013427734E-02  0.3051757812500000E-03
upwind           2      11  0.1000000000000000E+01  352000      20  0.6270408630371094E-03  0.1390933990478516E-02  0.3468990325927734E-03
upwind           3      11  0.1000000000000000E+01  352000      20  0.6239414215087891E-03  0.1394987106323242E-02  0.3039836883544922E-03
upwind           4      11  0.1000000000000000E+01  352000      20  0.6220340728759766E-03  0.1394987106323242E-02  0.3137588500976562E-03
upwind           5      11  0.1000000000000000E+01  352000      20  0.6229877471923828E-03  0.1394987106323242E-02  0.3623962402343750E-03
upwind           6      11  0.1000000000000000E+01  352000      20  0.6191730499267578E-03  0.1393795013427734E-02  0.4124641418457031E-03
upwind           7      11  0.1000000000000000E+01  352000      20  0.6320476531982422E-03  0.1396894454956055E-02  0.3688335418701172E-03
upwind           8      11  0.1000000000000000E+01  352000      20  0.6279945373535156E-03  0.1394033432006836E-02  0.4129409790039062E-03
upwind           9      11  0.1000000000000000E+01  352000      20  0.6320476531982422E-03  0.1394987106323242E-02  0.4129409790039062E-03
upwind          10      11  0.1000000000000000E+01  352000      20  0.6291866302490234E-03  0.1396894454956055E-02  0.3802776336669922E-03
upwind           0      12  0.1000000000000000E+01  384000      20  0.6389617919921875E-03  0.1466989517211914E-02  0.4127025604248047E-03
upwind           1      12  0.1000000000000000E+01  384000      20  0.6518363952636719E-03  0.1470088958740234E-02  0.4143714904785156E-03
upwind           2      12  0.1000000000000000E+01  384000      20  0.6508827209472656E-03  0.1471996307373047E-02  0.4100799560546875E-03
upwind           3      12  0.1000000000000000E+01  384000      20  0.6549358367919922E-03  0.1476049423217773E-02  0.4241466522216797E-03
upwind           4      12  0.1000000000000000E+01  384000      20  0.6511211395263672E-03  0.1477956771850586E-02  0.3628730773925781E-03
upwind           5      12  0.1000000000000000E+01  384000      20  0.6518363952636719E-03  0.1479148864746094E-02  0.3900527954101562E-03
upwind           6      12  0.1000000000000000E+01  384000      20  0.6530284881591797E-03  0.1477003097534180E-02  0.4701614379882812E-03
upwind           7      12  0.1000000000000000E+01  384000      20  0.6458759307861328E-03  0.1478195190429688E-02  0.4689693450927734E-03
upwind           8      12  0.1000000000000000E+01  384000      20  0.6508827209472656E-03  0.1478195190429688E-02  0.4832744598388672E-03
upwind           9      12  0.1000000000000000E+01  384000      20  0.6508827209472656E-03  0.1479148864746094E-02  0.4565715789794922E-03
upwind          10      12  0.1000000000000000E+01  384000      20  0.6518363952636719E-03  0.1479148864746094E-02  0.4580020904541016E-03
upwind          11      12  0.1000000000000000E+01  384000      20  0.6489753723144531E-03  0.1479148864746094E-02  0.4563331604003906E-03
upwind           0      13  0.1000000000000000E+01  416000      20  0.6790161132812500E-03  0.1479864120483398E-02  0.4343986511230469E-03
upwind           1      13  0.1000000000000000E+01  416000      20  0.7019042968750000E-03  0.1487016677856445E-02  0.4069805145263672E-03
upwind           2      13  0.1000000000000000E+01  416000      20  0.7030963897705078E-03  0.1487970352172852E-02  0.3452301025390625E-03
upwind           3      13  0.1000000000000000E+01  416000      20  0.7021427154541016E-03  0.1484870910644531E-02  0.4324913024902344E-03
upwind           4      13  0.1000000000000000E+01  416000      20  0.6999969482421875E-03  0.1483917236328125E-02  0.4539489746093750E-03
upwind           5      13  0.1000000000000000E+01  416000      20  0.7040500640869141E-03  0.1484870910644531E-02  0.4320144653320312E-03
upwind           6      13  0.1000000000000000E+01  416000      20  0.7059574127197266E-03  0.1484870910644531E-02  0.4353523254394531E-03
upwind           7      13  0.1000000000000000E+01  416000      20  0.7081031799316406E-03  0.1484870910644531E-02  0.4801750183105469E-03
upwind           8      13  0.1000000000000000E+01  416000      20  0.7090568542480469E-03  0.1485824584960938E-02  0.4813671112060547E-03
upwind           9      13  0.1000000000000000E+01  416000      20  0.7069110870361328E-03  0.1487016677856445E-02  0.4792213439941406E-03
upwind          10      13  0.1000000000000000E+01  416000      20  0.7061958312988281E-03  0.1486778259277344E-02  0.4796981811523438E-03
upwind          11      13  0.1000000000000000E+01  416000      20  0.7069110870361328E-03  0.1487016677856445E-02  0.4944801330566406E-03
upwind          12      13  0.1000000000000000E+01  416000      20  0.6999969482421875E-03  0.1492023468017578E-02  0.4022121429443359E-03
upwind           0      14  0.1000000000000000E+01  448000      20  0.6389617919921875E-03  0.1508951187133789E-02  0.3793239593505859E-03
upwind           1      14  0.1000000000000000E+01  448000      20  0.6661415100097656E-03  0.1507997512817383E-02  0.4165172576904297E-03
upwind           2      14  0.1000000000000000E+01  448000      20  0.6718635559082031E-03  0.1507997512817383E-02  0.4191398620605469E-03
upwind           3      14  0.1000000000000000E+01  448000      20  0.6709098815917969E-03  0.1513004302978516E-02  0.4277229309082031E-03
upwind           4      14  0.1000000000000000E+01  448000      20  0.6718635559082031E-03  0.1513957977294922E-02  0.4301071166992188E-03
upwind           5      14  0.1000000000000000E+01  448000      20  0.6649494171142578E-03  0.1518011093139648E-02  0.4436969757080078E-03
upwind           6      14  0.1000000000000000E+01  448000      20  0.6670951843261719E-03  0.1518964767456055E-02  0.4315376281738281E-03
upwind           7      14  0.1000000000000000E+01  448000      20  0.6561279296875000E-03  0.1523017883300781E-02  0.4413127899169922E-03
upwind           8      14  0.1000000000000000E+01  448000      20  0.6630420684814453E-03  0.1523971557617188E-02  0.3943443298339844E-03
upwind           9      14  0.1000000000000000E+01  448000      20  0.6620883941650391E-03  0.1523971557617188E-02  0.4460811614990234E-03
upwind          10      14  0.1000000000000000E+01  448000      20  0.6709098815917969E-03  0.1523017883300781E-02  0.4463195800781250E-03
upwind          11      14  0.1000000000000000E+01  448000      20  0.6699562072753906E-03  0.1523971557617188E-02  0.4475116729736328E-03
upwind          12      14  0.1000000000000000E+01  448000      20  0.6561279296875000E-03  0.1525878906250000E-02  0.4198551177978516E-03
upwind          13      14  0.1000000000000000E+01  448000      20  0.6630420684814453E-03  0.1525878906250000E-02  0.4391670227050781E-03
upwind           0      15  0.1000000000000000E+01  480000      20  0.8180141448974609E-03  0.1470804214477539E-02  0.3919601440429688E-03
upwind           1      15  0.1000000000000000E+01  480000      20  0.8459091186523438E-03  0.1475095748901367E-02  0.4036426544189453E-03
upwind           2      15  0.1000000000000000E+01  480000      20  0.8511543273925781E-03  0.1477956771850586E-02  0.4334449768066406E-03
upwind           3      15  0.1000000000000000E+01  480000      20  0.8428096771240234E-03  0.1482009887695312E-02  0.4370212554931641E-03
upwind           4      15  0.1000000000000000E+01  480000      20  0.8511543273925781E-03  0.1484870910644531E-02  0.4014968872070312E-03
upwind           5      15  0.1000000000000000E+01  480000      20  0.8468627929687500E-03  0.1488208770751953E-02  0.3669261932373047E-03
upwind           6      15  0.1000000000000000E+01  480000      20  0.8511543273925781E-03  0.1487970352172852E-02  0.3693103790283203E-03
upwind           7      15  0.1000000000000000E+01  480000      20  0.8449554443359375E-03  0.1487016677856445E-02  0.4205703735351562E-03
upwind           8      15  0.1000000000000000E+01  480000      20  0.8528232574462891E-03  0.1487016677856445E-02  0.4410743713378906E-03
upwind           9      15  0.1000000000000000E+01  480000      20  0.8499622344970703E-03  0.1487016677856445E-02  0.4379749298095703E-03
upwind          10      15  0.1000000000000000E+01  480000      20  0.8411407470703125E-03  0.1485824584960938E-02  0.4556179046630859E-03
upwind          11      15  0.1000000000000000E+01  480000      20  0.8509159088134766E-03  0.1488208770751953E-02  0.4448890686035156E-03
upwind          12      15  0.1000000000000000E+01  480000      20  0.8540153503417969E-03  0.1487016677856445E-02  0.4417896270751953E-03
upwind          13      15  0.1000000000000000E+01  480000      20  0.8378028869628906E-03  0.1489162445068359E-02  0.4446506500244141E-03
upwind          14      15  0.1000000000000000E+01  480000      20  0.8378028869628906E-03  0.1489162445068359E-02  0.4477500915527344E-03
upwind           0      16  0.1000000000000000E+01  512000      20  0.8139610290527344E-03  0.1427173614501953E-02  0.3640651702880859E-03
upwind           1      16  0.1000000000000000E+01  512000      20  0.8170604705810547E-03  0.1431941986083984E-02  0.3585815429687500E-03
upwind           2      16  0.1000000000000000E+01  512000      20  0.8349418640136719E-03  0.1434087753295898E-02  0.3645420074462891E-03
upwind           3      16  0.1000000000000000E+01  512000      20  0.8330345153808594E-03  0.1445055007934570E-02  0.3640651702880859E-03
upwind           4      16  0.1000000000000000E+01  512000      20  0.8430480957031250E-03  0.1448154449462891E-02  0.3705024719238281E-03
upwind           5      16  0.1000000000000000E+01  512000      20  0.8258819580078125E-03  0.1455068588256836E-02  0.3840923309326172E-03
upwind           6      16  0.1000000000000000E+01  512000      20  0.8380413055419922E-03  0.1460075378417969E-02  0.3893375396728516E-03
upwind           7      16  0.1000000000000000E+01  512000      20  0.8370876312255859E-03  0.1465082168579102E-02  0.3886222839355469E-03
upwind           8      16  0.1000000000000000E+01  512000      20  0.8230209350585938E-03  0.1471042633056641E-02  0.3464221954345703E-03
upwind           9      16  0.1000000000000000E+01  512000      20  0.8420944213867188E-03  0.1472949981689453E-02  0.3933906555175781E-03
upwind          10      16  0.1000000000000000E+01  512000      20  0.8430480957031250E-03  0.1477956771850586E-02  0.4012584686279297E-03
upwind          11      16  0.1000000000000000E+01  512000      20  0.8211135864257812E-03  0.1484870910644531E-02  0.4098415374755859E-03
upwind          12      16  0.1000000000000000E+01  512000      20  0.8399486541748047E-03  0.1489162445068359E-02  0.4167556762695312E-03
upwind          13      16  0.1000000000000000E+01  512000      20  0.8399486541748047E-03  0.1495122909545898E-02  0.3297328948974609E-03
upwind          14      16  0.1000000000000000E+01  512000      20  0.8318424224853516E-03  0.1490116119384766E-02  0.4193782806396484E-03
upwind          15      16  0.1000000000000000E+01  512000      20  0.8280277252197266E-03  0.1492977142333984E-02  0.3709793090820312E-03
upwind           0      17  0.1000000000000000E+01  544000      20  0.8978843688964844E-03  0.1589059829711914E-02  0.5185604095458984E-03
upwind           1      17  0.1000000000000000E+01  544000      20  0.9260177612304688E-03  0.1605033874511719E-02  0.5366802215576172E-03
upwind           2      17  0.1000000000000000E+01  544000      20  0.9241104125976562E-03  0.1616954803466797E-02  0.5006790161132812E-03
upwind           3      17  0.1000000000000000E+01  544000      20  0.9241104125976562E-03  0.1635074615478516E-02  0.5114078521728516E-03
upwind           4      17  0.1000000000000000E+01  544000      20  0.9319782257080078E-03  0.1644849777221680E-02  0.5323886871337891E-03
upwind           5      17  0.1000000000000000E+01  544000      20  0.9100437164306641E-03  0.1672029495239258E-02  0.6046295166015625E-03
upwind           6      17  0.1000000000000000E+01  544000      20  0.9219646453857422E-03  0.1684188842773438E-02  0.5619525909423828E-03
upwind           7      17  0.1000000000000000E+01  544000      20  0.1011133193969727E-02  0.1599073410034180E-02  0.4863739013671875E-03
upwind           8      17  0.1000000000000000E+01  544000      20  0.9250640869140625E-03  0.1707792282104492E-02  0.6370544433593750E-03
upwind           9      17  0.1000000000000000E+01  544000      20  0.9081363677978516E-03  0.1730918884277344E-02  0.6673336029052734E-03
upwind          10      17  0.1000000000000000E+01  544000      20  0.9160041809082031E-03  0.1742124557495117E-02  0.6651878356933594E-03
upwind          11      17  0.1000000000000000E+01  544000      20  0.9231567382812500E-03  0.1758813858032227E-02  0.6942749023437500E-03
upwind          12      17  0.1000000000000000E+01  544000      20  0.9200572967529297E-03  0.1770019531250000E-02  0.6937980651855469E-03
upwind          13      17  0.1000000000000000E+01  544000      20  0.9100437164306641E-03  0.1791000366210938E-02  0.7381439208984375E-03
upwind          14      17  0.1000000000000000E+01  544000      20  0.9279251098632812E-03  0.1803159713745117E-02  0.7503032684326172E-03
upwind          15      17  0.1000000000000000E+01  544000      20  0.9210109710693359E-03  0.1823902130126953E-02  0.6999969482421875E-03
upwind          16      17  0.1000000000000000E+01  544000      20  0.1017093658447266E-02  0.1822948455810547E-02  0.3838539123535156E-03
upwind           0      18  0.1000000000000000E+01  576000      20  0.9899139404296875E-03  0.1506090164184570E-02  0.3635883331298828E-03
upwind           1      18  0.1000000000000000E+01  576000      20  0.1025915145874023E-02  0.1507997512817383E-02  0.3869533538818359E-03
upwind           2      18  0.1000000000000000E+01  576000      20  0.1021862030029297E-02  0.1507043838500977E-02  0.4231929779052734E-03
upwind           3      18  0.1000000000000000E+01  576000      20  0.1014947891235352E-02  0.1513004302978516E-02  0.3898143768310547E-03
upwind           4      18  0.1000000000000000E+01  576000      20  0.1022815704345703E-02  0.1512050628662109E-02  0.4520416259765625E-03
upwind           5      18  0.1000000000000000E+01  576000      20  0.1026868820190430E-02  0.1516103744506836E-02  0.4508495330810547E-03
upwind           6      18  0.1000000000000000E+01  576000      20  0.1024961471557617E-02  0.1522064208984375E-02  0.4367828369140625E-03
upwind           7      18  0.1000000000000000E+01  576000      20  0.1008033752441406E-02  0.1526117324829102E-02  0.3898143768310547E-03
upwind           8      18  0.1000000000000000E+01  576000      20  0.1023054122924805E-02  0.1522064208984375E-02  0.4560947418212891E-03
upwind           9      18  0.1000000000000000E+01  576000      20  0.1029968261718750E-02  0.1522064208984375E-02  0.4532337188720703E-03
upwind          10      18  0.1000000000000000E+01  576000      20  0.1018047332763672E-02  0.1523971557617188E-02  0.4558563232421875E-03
upwind          11      18  0.1000000000000000E+01  576000      20  0.1015901565551758E-02  0.1523971557617188E-02  0.4422664642333984E-03
upwind          12      18  0.1000000000000000E+01  576000      20  0.1029014587402344E-02  0.1523017883300781E-02  0.4529953002929688E-03
upwind          13      18  0.1000000000000000E+01  576000      20  0.1019001007080078E-02  0.1525163650512695E-02  0.4227161407470703E-03
upwind          14      18  0.1000000000000000E+01  576000      20  0.1017093658447266E-02  0.1527070999145508E-02  0.4332065582275391E-03
upwind          15      18  0.1000000000000000E+01  576000      20  0.1028060913085938E-02  0.1527070999145508E-02  0.4575252532958984E-03
upwind          16      18  0.1000000000000000E+01  576000      20  0.1360893249511719E-02  0.1525163650512695E-02  0.5295276641845703E-03
upwind          17      18  0.1000000000000000E+01  576000      20  0.1381874084472656E-02  0.1525163650512695E-02  0.5345344543457031E-03
upwind           0      19  0.1000000000000000E+01  608000      20  0.9300708770751953E-03  0.1523017883300781E-02  0.4425048828125000E-03
upwind           1      19  0.1000000000000000E+01  608000      20  0.9469985961914062E-03  0.1528978347778320E-02  0.4563331604003906E-03
upwind           2      19  0.1000000000000000E+01  608000      20  0.9460449218750000E-03  0.1533985137939453E-02  0.4591941833496094E-03
upwind           3      19  0.1000000000000000E+01  608000      20  0.9469985961914062E-03  0.1539945602416992E-02  0.4618167877197266E-03
upwind           4      19  0.1000000000000000E+01  608000      20  0.9460449218750000E-03  0.1543045043945312E-02  0.3714561462402344E-03
upwind           5      19  0.1000000000000000E+01  608000      20  0.9479522705078125E-03  0.1539945602416992E-02  0.4575252532958984E-03
upwind           6      19  0.1000000000000000E+01  608000      20  0.9391307830810547E-03  0.1540899276733398E-02  0.4825592041015625E-03
upwind           7      19  0.1000000000000000E+01  608000      20  0.9469985961914062E-03  0.1541852951049805E-02  0.4580020904541016E-03
upwind           8      19  0.1000000000000000E+01  608000      20  0.9479522705078125E-03  0.1540899276733398E-02  0.4625320434570312E-03
upwind           9      19  0.1000000000000000E+01  608000      20  0.9479522705078125E-03  0.1540899276733398E-02  0.4637241363525391E-03
upwind          10      19  0.1000000000000000E+01  608000      20  0.9479522705078125E-03  0.1541852951049805E-02  0.4694461822509766E-03
upwind          11      19  0.1000000000000000E+01  608000      20  0.9469985961914062E-03  0.1542806625366211E-02  0.4661083221435547E-03
upwind          12      19  0.1000000000000000E+01  608000      20  0.9448528289794922E-03  0.1545190811157227E-02  0.4680156707763672E-03
upwind          13      19  0.1000000000000000E+01  608000      20  0.9310245513916016E-03  0.1543045043945312E-02  0.4644393920898438E-03
upwind          14      19  0.1000000000000000E+01  608000      20  0.9400844573974609E-03  0.1543045043945312E-02  0.4830360412597656E-03
upwind          15      19  0.1000000000000000E+01  608000      20  0.9450912475585938E-03  0.1544952392578125E-02  0.4651546478271484E-03
upwind          16      19  0.1000000000000000E+01  608000      20  0.9829998016357422E-03  0.1543998718261719E-02  0.5536079406738281E-03
upwind          17      19  0.1000000000000000E+01  608000      20  0.9849071502685547E-03  0.1543045043945312E-02  0.5471706390380859E-03
upwind          18      19  0.1000000000000000E+01  608000      20  0.1002073287963867E-02  0.1539945602416992E-02  0.6768703460693359E-03
upwind           0      20  0.1000000000000000E+01  640000      20  0.8201599121093750E-03  0.1554965972900391E-02  0.4796981811523438E-03
upwind           1      20  0.1000000000000000E+01  640000      20  0.8578300476074219E-03  0.1559019088745117E-02  0.4804134368896484E-03
upwind           2      20  0.1000000000000000E+01  640000      20  0.8351802825927734E-03  0.1561880111694336E-02  0.4689693450927734E-03
upwind           3      20  0.1000000000000000E+01  640000      20  0.8518695831298828E-03  0.1566171646118164E-02  0.4985332489013672E-03
upwind           4      20  0.1000000000000000E+01  640000      20  0.8428096771240234E-03  0.1571178436279297E-02  0.5106925964355469E-03
upwind           5      20  0.1000000000000000E+01  640000      20  0.8318424224853516E-03  0.1574039459228516E-02  0.4999637603759766E-03
upwind           6      20  0.1000000000000000E+01  640000      20  0.8451938629150391E-03  0.1575946807861328E-02  0.4987716674804688E-03
upwind           7      20  0.1000000000000000E+01  640000      20  0.8459091186523438E-03  0.1581192016601562E-02  0.5023479461669922E-03
upwind           8      20  0.1000000000000000E+01  640000      20  0.8380413055419922E-03  0.1581907272338867E-02  0.5080699920654297E-03
upwind           9      20  0.1000000000000000E+01  640000      20  0.8330345153808594E-03  0.1585006713867188E-02  0.5238056182861328E-03
upwind          10      20  0.1000000000000000E+01  640000      20  0.8368492126464844E-03  0.1590013504028320E-02  0.5192756652832031E-03
upwind          11      20  0.1000000000000000E+01  640000      20  0.8389949798583984E-03  0.1590967178344727E-02  0.5109310150146484E-03
upwind          12      20  0.1000000000000000E+01  640000      20  0.8368492126464844E-03  0.1597166061401367E-02  0.5004405975341797E-03
upwind          13      20  0.1000000000000000E+01  640000      20  0.8368492126464844E-03  0.1598119735717773E-02  0.5271434783935547E-03
upwind          14      20  0.1000000000000000E+01  640000      20  0.8339881896972656E-03  0.1602172851562500E-02  0.4796981811523438E-03
upwind          15      20  0.1000000000000000E+01  640000      20  0.8368492126464844E-03  0.1600027084350586E-02  0.5230903625488281E-03
upwind          16      20  0.1000000000000000E+01  640000      20  0.8561611175537109E-03  0.1598834991455078E-02  0.5652904510498047E-03
upwind          17      20  0.1000000000000000E+01  640000      20  0.8561611175537109E-03  0.1597881317138672E-02  0.6272792816162109E-03
upwind          18      20  0.1000000000000000E+01  640000      20  0.8599758148193359E-03  0.1601219177246094E-02  0.5838871002197266E-03
upwind          19      20  0.1000000000000000E+01  640000      20  0.8490085601806641E-03  0.1599073410034180E-02  0.5497932434082031E-03
upwind           0      21  0.1000000000000000E+01  672000      20  0.7729530334472656E-03  0.1514911651611328E-02  0.4553794860839844E-03
upwind           1      21  0.1000000000000000E+01  672000      20  0.7791519165039062E-03  0.1523971557617188E-02  0.4520416259765625E-03
upwind           2      21  0.1000000000000000E+01  672000      20  0.7860660552978516E-03  0.1528978347778320E-02  0.4057884216308594E-03
upwind           3      21  0.1000000000000000E+01  672000      20  0.7770061492919922E-03  0.1536130905151367E-02  0.4632472991943359E-03
upwind           4      21  0.1000000000000000E+01  672000      20  0.7770061492919922E-03  0.1543998718261719E-02  0.4880428314208984E-03
upwind           5      21  0.1000000000000000E+01  672000      20  0.7779598236083984E-03  0.1552104949951172E-02  0.4777908325195312E-03
upwind           6      21  0.1000000000000000E+01  672000      20  0.1040935516357422E-02  0.1307010650634766E-02  0.2384185791015625E-03
upwind           7      21  0.1000000000000000E+01  672000      20  0.1039981842041016E-02  0.1315116882324219E-02  0.2605915069580078E-03
upwind           8      21  0.1000000000000000E+01  672000      20  0.7951259613037109E-03  0.1574039459228516E-02  0.4925727844238281E-03
upwind           9      21  0.1000000000000000E+01  672000      20  0.7920265197753906E-03  0.1581907272338867E-02  0.5228519439697266E-03
upwind          10      21  0.1000000000000000E+01  672000      20  0.7941722869873047E-03  0.1587867736816406E-02  0.5156993865966797E-03
upwind          11      21  0.1000000000000000E+01  672000      20  0.7851123809814453E-03  0.1596927642822266E-02  0.5302429199218750E-03
upwind          12      21  0.1000000000000000E+01  672000      20  0.7941722869873047E-03  0.1602888107299805E-02  0.5238056182861328E-03
upwind          13      21  0.1000000000000000E+01  672000      20  0.7810592651367188E-03  0.1607894897460938E-02  0.5409717559814453E-03
upwind          14      21  0.1000000000000000E+01  672000      20  0.7910728454589844E-03  0.1616954803466797E-02  0.5462169647216797E-03
upwind          15      21  0.1000000000000000E+01  672000      20  0.7829666137695312E-03  0.1627922058105469E-02  0.4999637603759766E-03
upwind          16      21  0.1000000000000000E+01  672000      20  0.7588863372802734E-03  0.1631021499633789E-02  0.5242824554443359E-03
upwind          17      21  0.1000000000000000E+01  672000      20  0.7588863372802734E-03  0.1636028289794922E-02  0.4119873046875000E-03
upwind          18      21  0.1000000000000000E+01  672000      20  0.7419586181640625E-03  0.1635074615478516E-02  0.4649162292480469E-03
upwind          19      21  0.1000000000000000E+01  672000      20  0.8070468902587891E-03  0.1631021499633789E-02  0.5760192871093750E-03
upwind          20      21  0.1000000000000000E+01  672000      20  0.8091926574707031E-03  0.1629829406738281E-02  0.5860328674316406E-03
upwind           0      22  0.1000000000000000E+01  704000      20  0.7898807525634766E-03  0.1446008682250977E-02  0.3192424774169922E-03
upwind           1      22  0.1000000000000000E+01  704000      20  0.6940364837646484E-03  0.1556158065795898E-02  0.4813671112060547E-03
upwind           2      22  0.1000000000000000E+01  704000      20  0.6949901580810547E-03  0.1555204391479492E-02  0.4806518554687500E-03
upwind           3      22  0.1000000000000000E+01  704000      20  0.6728172302246094E-03  0.1556158065795898E-02  0.4825592041015625E-03
upwind           4      22  0.1000000000000000E+01  704000      20  0.6780624389648438E-03  0.1554012298583984E-02  0.4947185516357422E-03
upwind           5      22  0.1000000000000000E+01  704000      20  0.6761550903320312E-03  0.1559972763061523E-02  0.4909038543701172E-03
upwind           6      22  0.1000000000000000E+01  704000      20  0.6961822509765625E-03  0.1567840576171875E-02  0.4897117614746094E-03
upwind           7      22  0.1000000000000000E+01  704000      20  0.6859302520751953E-03  0.1578092575073242E-02  0.4978179931640625E-03
upwind           8      22  0.1000000000000000E+01  704000      20  0.6740093231201172E-03  0.1586914062500000E-02  0.5137920379638672E-03
upwind           9      22  0.1000000000000000E+01  704000      20  0.6728172302246094E-03  0.1595020294189453E-02  0.5190372467041016E-03
upwind          10      22  0.1000000000000000E+01  704000      20  0.6771087646484375E-03  0.1601934432983398E-02  0.5209445953369141E-03
upwind          11      22  0.1000000000000000E+01  704000      20  0.6771087646484375E-03  0.1613855361938477E-02  0.5593299865722656E-03
upwind          12      22  0.1000000000000000E+01  704000      20  0.6749629974365234E-03  0.1618146896362305E-02  0.5600452423095703E-03
upwind          13      22  0.1000000000000000E+01  704000      20  0.6899833679199219E-03  0.1628160476684570E-02  0.5550384521484375E-03
upwind          14      22  0.1000000000000000E+01  704000      20  0.6890296936035156E-03  0.1638174057006836E-02  0.5633831024169922E-03
upwind          15      22  0.1000000000000000E+01  704000      20  0.6680488586425781E-03  0.1646995544433594E-02  0.5683898925781250E-03
upwind          16      22  0.1000000000000000E+01  704000      20  0.6179809570312500E-03  0.1654148101806641E-02  0.5400180816650391E-03
upwind          17      22  0.1000000000000000E+01  704000      20  0.6179809570312500E-03  0.1662015914916992E-02  0.5269050598144531E-03
upwind          18      22  0.1000000000000000E+01  704000      20  0.6179809570312500E-03  0.1668214797973633E-02  0.5693435668945312E-03
upwind          19      22  0.1000000000000000E+01  704000      20  0.6089210510253906E-03  0.1677036285400391E-02  0.5638599395751953E-03
upwind          20      22  0.1000000000000000E+01  704000      20  0.6442070007324219E-03  0.1680850982666016E-02  0.4305839538574219E-03
upwind          21      22  0.1000000000000000E+01  704000      20  0.6520748138427734E-03  0.1678943634033203E-02  0.4880428314208984E-03
upwind           0      23  0.1000000000000000E+01  736000      20  0.6759166717529297E-03  0.1804113388061523E-02  0.7226467132568359E-03
upwind           1      23  0.1000000000000000E+01  736000      20  0.6918907165527344E-03  0.1809120178222656E-02  0.7338523864746094E-03
upwind           2      23  0.1000000000000000E+01  736000      20  0.7081031799316406E-03  0.1808881759643555E-02  0.7281303405761719E-03
upwind           3      23  0.1000000000000000E+01  736000      20  0.7100105285644531E-03  0.1812934875488281E-02  0.7290840148925781E-03
upwind           4      23  0.1000000000000000E+01  736000      20  0.7100105285644531E-03  0.1814842224121094E-02  0.6854534149169922E-03
upwind           5      23  0.1000000000000000E+01  736000      20  0.7038116455078125E-03  0.1816987991333008E-02  0.6883144378662109E-03
upwind           6      23  0.1000000000000000E+01  736000      20  0.7100105285644531E-03  0.1817941665649414E-02  0.7662773132324219E-03
upwind           7      23  0.1000000000000000E+01  736000      20  0.7059574127197266E-03  0.1821994781494141E-02  0.7507801055908203E-03
upwind           8      23  0.1000000000000000E+01  736000      20  0.7090568542480469E-03  0.1822948455810547E-02  0.7419586181640625E-03
upwind           9      23  0.1000000000000000E+01  736000      20  0.7078647613525391E-03  0.1827001571655273E-02  0.7019042968750000E-03
upwind          10      23  0.1000000000000000E+01  736000      20  0.7090568542480469E-03  0.1826763153076172E-02  0.7052421569824219E-03
upwind          11      23  0.1000000000000000E+01  736000      20  0.7090568542480469E-03  0.1827955245971680E-02  0.7033348083496094E-03
upwind          12      23  0.1000000000000000E+01  736000      20  0.6990432739257812E-03  0.1825809478759766E-02  0.7557868957519531E-03
upwind          13      23  0.1000000000000000E+01  736000      20  0.7078647613525391E-03  0.1830101013183594E-02  0.7672309875488281E-03
upwind          14      23  0.1000000000000000E+01  736000      20  0.6959438323974609E-03  0.1834154129028320E-02  0.7300376892089844E-03
upwind          15      23  0.1000000000000000E+01  736000      20  0.7069110870361328E-03  0.1836061477661133E-02  0.7312297821044922E-03
upwind          16      23  0.1000000000000000E+01  736000      20  0.7269382476806641E-03  0.1832008361816406E-02  0.8146762847900391E-03
upwind          17      23  0.1000000000000000E+01  736000      20  0.7209777832031250E-03  0.1832008361816406E-02  0.8072853088378906E-03
upwind          18      23  0.1000000000000000E+01  736000      20  0.7259845733642578E-03  0.1832962036132812E-02  0.8118152618408203E-03
upwind          19      23  0.1000000000000000E+01  736000      20  0.7259845733642578E-03  0.1833915710449219E-02  0.8058547973632812E-03
upwind          20      23  0.1000000000000000E+01  736000      20  0.7469654083251953E-03  0.1831054687500000E-02  0.9112358093261719E-03
upwind          21      23  0.1000000000000000E+01  736000      20  0.7429122924804688E-03  0.1834154129028320E-02  0.8866786956787109E-03
upwind          22      23  0.1000000000000000E+01  736000      20  0.7460117340087891E-03  0.1832962036132812E-02  0.8909702301025391E-03
upwind           0      24  0.1000000000000000E+01  768000      20  0.7200241088867188E-03  0.1683950424194336E-02  0.5724430084228516E-03
upwind           1      24  0.1000000000000000E+01  768000      20  0.7431507110595703E-03  0.1685857772827148E-02  0.6103515625000000E-03
upwind           2      24  0.1000000000000000E+01  768000      20  0.7410049438476562E-03  0.1689910888671875E-02  0.5927085876464844E-03
upwind           3      24  0.1000000000000000E+01  768000      20  0.7460117340087891E-03  0.1703977584838867E-02  0.6234645843505859E-03
upwind           4      24  0.1000000000000000E+01  768000      20  0.7419586181640625E-03  0.1714944839477539E-02  0.5996227264404297E-03
upwind           5      24  0.1000000000000000E+01  768000      20  0.7450580596923828E-03  0.1725912094116211E-02  0.6561279296875000E-03
upwind           6      24  0.1000000000000000E+01  768000      20  0.7469654083251953E-03  0.1744985580444336E-02  0.6728172302246094E-03
upwind           7      24  0.1000000000000000E+01  768000      20  0.7441043853759766E-03  0.1757860183715820E-02  0.6985664367675781E-03
upwind           8      24  0.1000000000000000E+01  768000      20  0.7390975952148438E-03  0.1771926879882812E-02  0.7033348083496094E-03
upwind           9      24  0.1000000000000000E+01  768000      20  0.7340908050537109E-03  0.1785993576049805E-02  0.7317066192626953E-03
upwind          10      24  0.1000000000000000E+01  768000      20  0.7350444793701172E-03  0.1801013946533203E-02  0.7064342498779297E-03
upwind          11      24  0.1000000000000000E+01  768000      20  0.7381439208984375E-03  0.1811027526855469E-02  0.7371902465820312E-03
upwind          12      24  0.1000000000000000E+01  768000      20  0.7410049438476562E-03  0.1820087432861328E-02  0.7636547088623047E-03
upwind          13      24  0.1000000000000000E+01  768000      20  0.7410049438476562E-03  0.1835823059082031E-02  0.7638931274414062E-03
upwind          14      24  0.1000000000000000E+01  768000      20  0.7400512695312500E-03  0.1848936080932617E-02  0.7743835449218750E-03
upwind          15      24  0.1000000000000000E+01  768000      20  0.7469654083251953E-03  0.1862049102783203E-02  0.7884502410888672E-03
upwind          16      24  0.1000000000000000E+01  768000      20  0.7970333099365234E-03  0.1877069473266602E-02  0.8404254913330078E-03
upwind          17      24  0.1000000000000000E+01  768000      20  0.7970333099365234E-03  0.1891136169433594E-02  0.8506774902343750E-03
upwind          18      24  0.1000000000000000E+01  768000      20  0.7817745208740234E-03  0.1906156539916992E-02  0.8695125579833984E-03
upwind          19      24  0.1000000000000000E+01  768000      20  0.7970333099365234E-03  0.1922130584716797E-02  0.8847713470458984E-03
upwind          20      24  0.1000000000000000E+01  768000      20  0.8158683776855469E-03  0.1929998397827148E-02  0.6043910980224609E-03
upwind          21      24  0.1000000000000000E+01  768000      20  0.8080005645751953E-03  0.1931190490722656E-02  0.5981922149658203E-03
upwind          22      24  0.1000000000000000E+01  768000      20  0.8158683776855469E-03  0.1929044723510742E-02  0.6792545318603516E-03
upwind          23      24  0.1000000000000000E+01  768000      20  0.8158683776855469E-03  0.1929044723510742E-02  0.6392002105712891E-03
upwind           0      25  0.1000000000000000E+01  800000      20  0.7369518280029297E-03  0.1636028289794922E-02  0.5521774291992188E-03
upwind           1      25  0.1000000000000000E+01  800000      20  0.7510185241699219E-03  0.1639842987060547E-02  0.5602836608886719E-03
upwind           2      25  0.1000000000000000E+01  800000      20  0.7450580596923828E-03  0.1641988754272461E-02  0.5152225494384766E-03
upwind           3      25  0.1000000000000000E+01  800000      20  0.7421970367431641E-03  0.1640796661376953E-02  0.5567073822021484E-03
upwind           4      25  0.1000000000000000E+01  800000      20  0.7510185241699219E-03  0.1642942428588867E-02  0.5199909210205078E-03
upwind           5      25  0.1000000000000000E+01  800000      20  0.7441043853759766E-03  0.1644849777221680E-02  0.5214214324951172E-03
upwind           6      25  0.1000000000000000E+01  800000      20  0.7450580596923828E-03  0.1641035079956055E-02  0.5595684051513672E-03
upwind           7      25  0.1000000000000000E+01  800000      20  0.7519721984863281E-03  0.1642942428588867E-02  0.5664825439453125E-03
upwind           8      25  0.1000000000000000E+01  800000      20  0.7510185241699219E-03  0.1641988754272461E-02  0.5824565887451172E-03
upwind           9      25  0.1000000000000000E+01  800000      20  0.7500648498535156E-03  0.1642942428588867E-02  0.5707740783691406E-03
upwind          10      25  0.1000000000000000E+01  800000      20  0.7390975952148438E-03  0.1642942428588867E-02  0.5600452423095703E-03
upwind          11      25  0.1000000000000000E+01  800000      20  0.7500648498535156E-03  0.1643896102905273E-02  0.5795955657958984E-03
upwind          12      25  0.1000000000000000E+01  800000      20  0.7500648498535156E-03  0.1643896102905273E-02  0.5648136138916016E-03
upwind          13      25  0.1000000000000000E+01  800000      20  0.7491111755371094E-03  0.1645803451538086E-02  0.5688667297363281E-03
upwind          14      25  0.1000000000000000E+01  800000      20  0.7510185241699219E-03  0.1643896102905273E-02  0.5686283111572266E-03
upwind          15      25  0.1000000000000000E+01  800000      20  0.7450580596923828E-03  0.1646041870117188E-02  0.5860328674316406E-03
upwind          16      25  0.1000000000000000E+01  800000      20  0.6380081176757812E-03  0.1644849777221680E-02  0.6382465362548828E-03
upwind          17      25  0.1000000000000000E+01  800000      20  0.6368160247802734E-03  0.1646041870117188E-02  0.6084442138671875E-03
upwind          18      25  0.1000000000000000E+01  800000      20  0.6358623504638672E-03  0.1647949218750000E-02  0.6148815155029297E-03
upwind          19      25  0.1000000000000000E+01  800000      20  0.6349086761474609E-03  0.1647949218750000E-02  0.6170272827148438E-03
upwind          20      25  0.1000000000000000E+01  800000      20  0.6368160247802734E-03  0.1646995544433594E-02  0.6294250488281250E-03
upwind          21      25  0.1000000000000000E+01  800000      20  0.6620883941650391E-03  0.1644849777221680E-02  0.6983280181884766E-03
upwind          22      25  0.1000000000000000E+01  800000      20  0.6608963012695312E-03  0.1646041870117188E-02  0.7212162017822266E-03
upwind          23      25  0.1000000000000000E+01  800000      20  0.6608963012695312E-03  0.1646995544433594E-02  0.7057189941406250E-03
upwind          24      25  0.1000000000000000E+01  800000      20  0.6608963012695312E-03  0.1646995544433594E-02  0.7042884826660156E-03
upwind           0      26  0.1000000000000000E+01  832000      20  0.9770393371582031E-03  0.1533985137939453E-02  0.4477500915527344E-03
upwind           1      26  0.1000000000000000E+01  832000      20  0.9810924530029297E-03  0.1538038253784180E-02  0.4658699035644531E-03
upwind           2      26  0.1000000000000000E+01  832000      20  0.1046895980834961E-02  0.1487016677856445E-02  0.4067420959472656E-03
upwind           3      26  0.1000000000000000E+01  832000      20  0.1003980636596680E-02  0.1541137695312500E-02  0.4525184631347656E-03
upwind           4      26  0.1000000000000000E+01  832000      20  0.1002073287963867E-02  0.1548051834106445E-02  0.4734992980957031E-03
upwind           5      26  0.1000000000000000E+01  832000      20  0.1001119613647461E-02  0.1559019088745117E-02  0.4212856292724609E-03
upwind           6      26  0.1000000000000000E+01  832000      20  0.9999275207519531E-03  0.1562118530273438E-02  0.4184246063232422E-03
upwind           7      26  0.1000000000000000E+01  832000      20  0.9999275207519531E-03  0.1563072204589844E-02  0.4782676696777344E-03
upwind           8      26  0.1000000000000000E+01  832000      20  0.1000881195068359E-02  0.1573085784912109E-02  0.4949569702148438E-03
upwind           9      26  0.1000000000000000E+01  832000      20  0.9829998016357422E-03  0.1584053039550781E-02  0.5109310150146484E-03
upwind          10      26  0.1000000000000000E+01  832000      20  0.1005172729492188E-02  0.1591920852661133E-02  0.5209445953369141E-03
upwind          11      26  0.1000000000000000E+01  832000      20  0.1003026962280273E-02  0.1602172851562500E-02  0.5185604095458984E-03
upwind          12      26  0.1000000000000000E+01  832000      20  0.1002073287963867E-02  0.1614093780517578E-02  0.4899501800537109E-03
upwind          13      26  0.1000000000000000E+01  832000      20  0.9829998016357422E-03  0.1621961593627930E-02  0.4994869232177734E-03
upwind          14      26  0.1000000000000000E+01  832000      20  0.9930133819580078E-03  0.1629114151000977E-02  0.5381107330322266E-03
upwind          15      26  0.1000000000000000E+01  832000      20  0.9849071502685547E-03  0.1637935638427734E-02  0.5922317504882812E-03
upwind          16      26  0.1000000000000000E+01  832000      20  0.7739067077636719E-03  0.1650094985961914E-02  0.5998611450195312E-03
upwind          17      26  0.1000000000000000E+01  832000      20  0.7739067077636719E-03  0.1662969589233398E-02  0.5888938903808594E-03
upwind          18      26  0.1000000000000000E+01  832000      20  0.7719993591308594E-03  0.1669883728027344E-02  0.6213188171386719E-03
upwind          19      26  0.1000000000000000E+01  832000      20  0.7750988006591797E-03  0.1683950424194336E-02  0.6520748138427734E-03
upwind          20      26  0.1000000000000000E+01  832000      20  0.7729530334472656E-03  0.1698017120361328E-02  0.6530284881591797E-03
upwind          21      26  0.1000000000000000E+01  832000      20  0.7779598236083984E-03  0.1703023910522461E-02  0.5154609680175781E-03
upwind          22      26  0.1000000000000000E+01  832000      20  0.7708072662353516E-03  0.1708984375000000E-02  0.5121231079101562E-03
upwind          23      26  0.1000000000000000E+01  832000      20  0.7779598236083984E-03  0.1711845397949219E-02  0.4377365112304688E-03
upwind          24      26  0.1000000000000000E+01  832000      20  0.7688999176025391E-03  0.1711130142211914E-02  0.5075931549072266E-03
upwind          25      26  0.1000000000000000E+01  832000      20  0.7691383361816406E-03  0.1709938049316406E-02  0.5350112915039062E-03
upwind           0      27  0.1000000000000000E+01  864000      20  0.1169919967651367E-02  0.1217126846313477E-02  0.1082420349121094E-03
upwind           1      27  0.1000000000000000E+01  864000      20  0.7798671722412109E-03  0.1630067825317383E-02  0.5517005920410156E-03
upwind           2      27  0.1000000000000000E+01  864000      20  0.7798671722412109E-03  0.1631975173950195E-02  0.5478858947753906E-03
upwind           3      27  0.1000000000000000E+01  864000      20  0.7829666137695312E-03  0.1645088195800781E-02  0.5178451538085938E-03
upwind           4      27  0.1000000000000000E+01  864000      20  0.7729530334472656E-03  0.1650094985961914E-02  0.5676746368408203E-03
upwind           5      27  0.1000000000000000E+01  864000      20  0.7829666137695312E-03  0.1662015914916992E-02  0.5869865417480469E-03
upwind           6      27  0.1000000000000000E+01  864000      20  0.7851123809814453E-03  0.1668930053710938E-02  0.5414485931396484E-03
upwind           7      27  0.1000000000000000E+01  864000      20  0.7839202880859375E-03  0.1679182052612305E-02  0.5950927734375000E-03
upwind           8      27  0.1000000000000000E+01  864000      20  0.7898807525634766E-03  0.1688957214355469E-02  0.6027221679687500E-03
upwind           9      27  0.1000000000000000E+01  864000      20  0.7889270782470703E-03  0.1698017120361328E-02  0.5750656127929688E-03
upwind          10      27  0.1000000000000000E+01  864000      20  0.7870197296142578E-03  0.1706123352050781E-02  0.6332397460937500E-03
upwind          11      27  0.1000000000000000E+01  864000      20  0.7898807525634766E-03  0.1724004745483398E-02  0.6203651428222656E-03
upwind          12      27  0.1000000000000000E+01  864000      20  0.7908344268798828E-03  0.1732110977172852E-02  0.6182193756103516E-03
upwind          13      27  0.1000000000000000E+01  864000      20  0.7898807525634766E-03  0.1738071441650391E-02  0.6577968597412109E-03
upwind          14      27  0.1000000000000000E+01  864000      20  0.7920265197753906E-03  0.1745939254760742E-02  0.6639957427978516E-03
upwind          15      27  0.1000000000000000E+01  864000      20  0.7829666137695312E-03  0.1759052276611328E-02  0.6790161132812500E-03
upwind          16      27  0.1000000000000000E+01  864000      20  0.7970333099365234E-03  0.1770019531250000E-02  0.7030963897705078E-03
upwind          17      27  0.1000000000000000E+01  864000      20  0.8020401000976562E-03  0.1778841018676758E-02  0.7045269012451172E-03
upwind          18      27  0.1000000000000000E+01  864000      20  0.8029937744140625E-03  0.1788854598999023E-02  0.7419586181640625E-03
upwind          19      27  0.1000000000000000E+01  864000      20  0.8020401000976562E-03  0.1801013946533203E-02  0.7374286651611328E-03
upwind          20      27  0.1000000000000000E+01  864000      20  0.7979869842529297E-03  0.1811027526855469E-02  0.7462501525878906E-03
upwind          21      27  0.1000000000000000E+01  864000      20  0.7910728454589844E-03  0.1822948455810547E-02  0.7481575012207031E-03
upwind          22      27  0.1000000000000000E+01  864000      20  0.8101463317871094E-03  0.1828908920288086E-02  0.6010532379150391E-03
upwind          23      27  0.1000000000000000E+01  864000      20  0.8039474487304688E-03  0.1834154129028320E-02  0.5400180816650391E-03
upwind          24      27  0.1000000000000000E+01  864000      20  0.8018016815185547E-03  0.1833200454711914E-02  0.5760192871093750E-03
upwind          25      27  0.1000000000000000E+01  864000      20  0.8041858673095703E-03  0.1832008361816406E-02  0.5698204040527344E-03
upwind          26      27  0.1000000000000000E+01  864000      20  0.8029937744140625E-03  0.1830816268920898E-02  0.6320476531982422E-03
upwind           0      28  0.1000000000000000E+01  896000      20  0.9069442749023438E-03  0.1512050628662109E-02  0.4315376281738281E-03
upwind           1      28  0.1000000000000000E+01  896000      20  0.9238719940185547E-03  0.1518964767456055E-02  0.4420280456542969E-03
upwind           2      28  0.1000000000000000E+01  896000      20  0.9238719940185547E-03  0.1526117324829102E-02  0.4127025604248047E-03
upwind           3      28  0.1000000000000000E+01  896000      20  0.9169578552246094E-03  0.1528024673461914E-02  0.4563331604003906E-03
upwind           4      28  0.1000000000000000E+01  896000      20  0.9238719940185547E-03  0.1534938812255859E-02  0.4563331604003906E-03
upwind           5      28  0.1000000000000000E+01  896000      20  0.9229183197021484E-03  0.1542091369628906E-02  0.4663467407226562E-03
upwind           6      28  0.1000000000000000E+01  896000      20  0.9188652038574219E-03  0.1546144485473633E-02  0.4229545593261719E-03
upwind           7      28  0.1000000000000000E+01  896000      20  0.9238719940185547E-03  0.1552104949951172E-02  0.4858970642089844E-03
upwind           8      28  0.1000000000000000E+01  896000      20  0.9248256683349609E-03  0.1557111740112305E-02  0.4804134368896484E-03
upwind           9      28  0.1000000000000000E+01  896000      20  0.9238719940185547E-03  0.1569986343383789E-02  0.5037784576416016E-03
upwind          10      28  0.1000000000000000E+01  896000      20  0.9210109710693359E-03  0.1574993133544922E-02  0.5030632019042969E-03
upwind          11      28  0.1000000000000000E+01  896000      20  0.9179115295410156E-03  0.1583099365234375E-02  0.4971027374267578E-03
upwind          12      28  0.1000000000000000E+01  896000      20  0.9260177612304688E-03  0.1586914062500000E-02  0.5271434783935547E-03
upwind          13      28  0.1000000000000000E+01  896000      20  0.9260177612304688E-03  0.1592874526977539E-02  0.5233287811279297E-03
upwind          14      28  0.1000000000000000E+01  896000      20  0.9169578552246094E-03  0.1602172851562500E-02  0.5650520324707031E-03
upwind          15      28  0.1000000000000000E+01  896000      20  0.9188652038574219E-03  0.1610040664672852E-02  0.4355907440185547E-03
upwind          16      28  0.1000000000000000E+01  896000      20  0.9889602661132812E-03  0.1605033874511719E-02  0.5218982696533203E-03
upwind          17      28  0.1000000000000000E+01  896000      20  0.9880065917968750E-03  0.1606941223144531E-02  0.5264282226562500E-03
upwind          18      28  0.1000000000000000E+01  896000      20  0.9880065917968750E-03  0.1608848571777344E-02  0.5350112915039062E-03
upwind          19      28  0.1000000000000000E+01  896000      20  0.9880065917968750E-03  0.1611948013305664E-02  0.4849433898925781E-03
upwind          20      28  0.1000000000000000E+01  896000      20  0.9870529174804688E-03  0.1608848571777344E-02  0.5276203155517578E-03
upwind          21      28  0.1000000000000000E+01  896000      20  0.9820461273193359E-03  0.1609802246093750E-02  0.5321502685546875E-03
upwind          22      28  0.1000000000000000E+01  896000      20  0.1002073287963867E-02  0.1608848571777344E-02  0.5941390991210938E-03
upwind          23      28  0.1000000000000000E+01  896000      20  0.9980201721191406E-03  0.1610994338989258E-02  0.5950927734375000E-03
upwind          24      28  0.1000000000000000E+01  896000      20  0.1000165939331055E-02  0.1610040664672852E-02  0.6091594696044922E-03
upwind          25      28  0.1000000000000000E+01  896000      20  0.1001119613647461E-02  0.1611948013305664E-02  0.5965232849121094E-03
upwind          26      28  0.1000000000000000E+01  896000      20  0.1000165939331055E-02  0.1612901687622070E-02  0.5383491516113281E-03
upwind          27      28  0.1000000000000000E+01  896000      20  0.1001119613647461E-02  0.1613855361938477E-02  0.5364418029785156E-03
upwind           0      29  0.1000000000000000E+01  928000      20  0.6899833679199219E-03  0.1808881759643555E-02  0.7250308990478516E-03
upwind           1      29  0.1000000000000000E+01  928000      20  0.7059574127197266E-03  0.1811981201171875E-02  0.7381439208984375E-03
upwind           2      29  0.1000000000000000E+01  928000      20  0.7090568542480469E-03  0.1815080642700195E-02  0.6837844848632812E-03
upwind           3      29  0.1000000000000000E+01  928000      20  0.7140636444091797E-03  0.1816987991333008E-02  0.6911754608154297E-03
upwind           4      29  0.1000000000000000E+01  928000      20  0.7269382476806641E-03  0.1816987991333008E-02  0.7395744323730469E-03
upwind           5      29  0.1000000000000000E+01  928000      20  0.7269382476806641E-03  0.1821994781494141E-02  0.7731914520263672E-03
upwind           6      29  0.1000000000000000E+01  928000      20  0.7150173187255859E-03  0.1823902130126953E-02  0.7464885711669922E-03
upwind           7      29  0.1000000000000000E+01  928000      20  0.7159709930419922E-03  0.1828908920288086E-02  0.7123947143554688E-03
upwind           8      29  0.1000000000000000E+01  928000      20  0.7140636444091797E-03  0.1826047897338867E-02  0.7514953613281250E-03
upwind           9      29  0.1000000000000000E+01  928000      20  0.7131099700927734E-03  0.1828908920288086E-02  0.7543563842773438E-03
upwind          10      29  0.1000000000000000E+01  928000      20  0.7128715515136719E-03  0.1835107803344727E-02  0.7655620574951172E-03
upwind          11      29  0.1000000000000000E+01  928000      20  0.7071495056152344E-03  0.1842975616455078E-02  0.7700920104980469E-03
upwind          12      29  0.1000000000000000E+01  928000      20  0.7159709930419922E-03  0.1847028732299805E-02  0.7820129394531250E-03
upwind          13      29  0.1000000000000000E+01  928000      20  0.7128715515136719E-03  0.1854896545410156E-02  0.7412433624267578E-03
upwind          14      29  0.1000000000000000E+01  928000      20  0.7250308990478516E-03  0.1856088638305664E-02  0.7944107055664062E-03
upwind          15      29  0.1000000000000000E+01  928000      20  0.7140636444091797E-03  0.1864910125732422E-02  0.7860660552978516E-03
upwind          16      29  0.1000000000000000E+01  928000      20  0.8099079132080078E-03  0.1871109008789062E-02  0.8497238159179688E-03
upwind          17      29  0.1000000000000000E+01  928000      20  0.8029937744140625E-03  0.1881122589111328E-02  0.8327960968017578E-03
upwind          18      29  0.1000000000000000E+01  928000      20  0.8108615875244141E-03  0.1888036727905273E-02  0.8530616760253906E-03
upwind          19      29  0.1000000000000000E+01  928000      20  0.8099079132080078E-03  0.1898050308227539E-02  0.8764266967773438E-03
upwind          20      29  0.1000000000000000E+01  928000      20  0.8089542388916016E-03  0.1906156539916992E-02  0.8649826049804688E-03
upwind          21      29  0.1000000000000000E+01  928000      20  0.8099079132080078E-03  0.1914978027343750E-02  0.8771419525146484E-03
upwind          22      29  0.1000000000000000E+01  928000      20  0.8058547973632812E-03  0.1923084259033203E-02  0.8792877197265625E-03
upwind          23      29  0.1000000000000000E+01  928000      20  0.7989406585693359E-03  0.1928091049194336E-02  0.7245540618896484E-03
upwind          24      29  0.1000000000000000E+01  928000      20  0.8108615875244141E-03  0.1928091049194336E-02  0.7271766662597656E-03
upwind          25      29  0.1000000000000000E+01  928000      20  0.8008480072021484E-03  0.1928091049194336E-02  0.7288455963134766E-03
upwind          26      29  0.1000000000000000E+01  928000      20  0.8099079132080078E-03  0.1929998397827148E-02  0.7319450378417969E-03
upwind          27      29  0.1000000000000000E+01  928000      20  0.8099079132080078E-03  0.1929998397827148E-02  0.7433891296386719E-03
upwind          28      29  0.1000000000000000E+01  928000      20  0.8029937744140625E-03  0.1930952072143555E-02  0.7228851318359375E-03
upwind           0      30  0.1000000000000000E+01  960000      20  0.9150505065917969E-03  0.1611948013305664E-02  0.5435943603515625E-03
upwind           1      30  0.1000000000000000E+01  960000      20  0.9441375732421875E-03  0.1616001129150391E-02  0.4956722259521484E-03
upwind           2      30  0.1000000000000000E+01  960000      20  0.1029968261718750E-02  0.1531124114990234E-02  0.4560947418212891E-03
upwind           3      30  0.1000000000000000E+01  960000      20  0.9481906890869141E-03  0.1619815826416016E-02  0.4985332489013672E-03
upwind           4      30  0.1000000000000000E+01  960000      20  0.9469985961914062E-03  0.1621961593627930E-02  0.5550384521484375E-03
upwind           5      30  0.1000000000000000E+01  960000      20  0.9450912475585938E-03  0.1626014709472656E-02  0.4951953887939453E-03
upwind           6      30  0.1000000000000000E+01  960000      20  0.9491443634033203E-03  0.1626014709472656E-02  0.5455017089843750E-03
upwind           7      30  0.1000000000000000E+01  960000      20  0.9481906890869141E-03  0.1631021499633789E-02  0.5593299865722656E-03
upwind           8      30  0.1000000000000000E+01  960000      20  0.9469985961914062E-03  0.1635074615478516E-02  0.5068778991699219E-03
upwind           9      30  0.1000000000000000E+01  960000      20  0.9469985961914062E-03  0.1643896102905273E-02  0.5874633789062500E-03
upwind          10      30  0.1000000000000000E+01  960000      20  0.9489059448242188E-03  0.1646995544433594E-02  0.5679130554199219E-03
upwind          11      30  0.1000000000000000E+01  960000      20  0.9479522705078125E-03  0.1652956008911133E-02  0.5350112915039062E-03
upwind          12      30  0.1000000000000000E+01  960000      20  0.9450912475585938E-03  0.1657962799072266E-02  0.5970001220703125E-03
upwind          13      30  0.1000000000000000E+01  960000      20  0.9400844573974609E-03  0.1665830612182617E-02  0.5884170532226562E-03
upwind          14      30  0.1000000000000000E+01  960000      20  0.9479522705078125E-03  0.1671075820922852E-02  0.5419254302978516E-03
upwind          15      30  0.1000000000000000E+01  960000      20  0.9350776672363281E-03  0.1674890518188477E-02  0.6222724914550781E-03
upwind          16      30  0.1000000000000000E+01  960000      20  0.7290840148925781E-03  0.1679897308349609E-02  0.6251335144042969E-03
upwind          17      30  0.1000000000000000E+01  960000      20  0.7221698760986328E-03  0.1688003540039062E-02  0.6134510040283203E-03
upwind          18      30  0.1000000000000000E+01  960000      20  0.7231235504150391E-03  0.1693010330200195E-02  0.6146430969238281E-03
upwind          19      30  0.1000000000000000E+01  960000      20  0.7381439208984375E-03  0.1698970794677734E-02  0.6237030029296875E-03
upwind          20      30  0.1000000000000000E+01  960000      20  0.7381439208984375E-03  0.1703977584838867E-02  0.5426406860351562E-03
upwind          21      30  0.1000000000000000E+01  960000      20  0.7371902465820312E-03  0.1705884933471680E-02  0.6330013275146484E-03
upwind          22      30  0.1000000000000000E+01  960000      20  0.7390975952148438E-03  0.1708984375000000E-02  0.6234645843505859E-03
upwind          23      30  0.1000000000000000E+01  960000      20  0.7369518280029297E-03  0.1714944839477539E-02  0.5447864532470703E-03
upwind          24      30  0.1000000000000000E+01  960000      20  0.7269382476806641E-03  0.1712083816528320E-02  0.5955696105957031E-03
upwind          25      30  0.1000000000000000E+01  960000      20  0.7319450378417969E-03  0.1713991165161133E-02  0.5936622619628906E-03
upwind          26      30  0.1000000000000000E+01  960000      20  0.7410049438476562E-03  0.1713037490844727E-02  0.5817413330078125E-03
upwind          27      30  0.1000000000000000E+01  960000      20  0.7231235504150391E-03  0.1715898513793945E-02  0.5550384521484375E-03
upwind          28      30  0.1000000000000000E+01  960000      20  0.7381439208984375E-03  0.1714944839477539E-02  0.5886554718017578E-03
upwind          29      30  0.1000000000000000E+01  960000      20  0.7350444793701172E-03  0.1715898513793945E-02  0.5724430084228516E-03
upwind           0      31  0.1000000000000000E+01  992000      20  0.1008033752441406E-02  0.1533031463623047E-02  0.4043579101562500E-03
upwind           1      31  0.1000000000000000E+01  992000      20  0.1036167144775391E-02  0.1534938812255859E-02  0.4589557647705078E-03
upwind           2      31  0.1000000000000000E+01  992000      20  0.1037120819091797E-02  0.1535892486572266E-02  0.4515647888183594E-03
upwind           3      31  0.1000000000000000E+01  992000      20  0.1016139984130859E-02  0.1540899276733398E-02  0.4656314849853516E-03
upwind           4      31  0.1000000000000000E+01  992000      20  0.1065969467163086E-02  0.1513004302978516E-02  0.3986358642578125E-03
upwind           5      31  0.1000000000000000E+01  992000      20  0.1044988632202148E-02  0.1513004302978516E-02  0.3888607025146484E-03
upwind           6      31  0.1000000000000000E+01  992000      20  0.1037120819091797E-02  0.1543998718261719E-02  0.4603862762451172E-03
upwind           7      31  0.1000000000000000E+01  992000      20  0.1013994216918945E-02  0.1547813415527344E-02  0.4839897155761719E-03
upwind           8      31  0.1000000000000000E+01  992000      20  0.1033067703247070E-02  0.1549959182739258E-02  0.4663467407226562E-03
upwind           9      31  0.1000000000000000E+01  992000      20  0.1032114028930664E-02  0.1554012298583984E-02  0.4792213439941406E-03
upwind          10      31  0.1000000000000000E+01  992000      20  0.1016139984130859E-02  0.1555919647216797E-02  0.4274845123291016E-03
upwind          11      31  0.1000000000000000E+01  992000      20  0.1016139984130859E-02  0.1555919647216797E-02  0.4284381866455078E-03
upwind          12      31  0.1000000000000000E+01  992000      20  0.1024007797241211E-02  0.1554965972900391E-02  0.4813671112060547E-03
upwind          13      31  0.1000000000000000E+01  992000      20  0.1024961471557617E-02  0.1560926437377930E-02  0.4911422729492188E-03
upwind          14      31  0.1000000000000000E+01  992000      20  0.1013994216918945E-02  0.1564979553222656E-02  0.4928112030029297E-03
upwind          15      31  0.1000000000000000E+01  992000      20  0.1024961471557617E-02  0.1575946807861328E-02  0.4892349243164062E-03
upwind          16      31  0.1000000000000000E+01  992000      20  0.7500648498535156E-03  0.1583814620971680E-02  0.5059242248535156E-03
upwind          17      31  0.1000000000000000E+01  992000      20  0.7488727569580078E-03  0.1591205596923828E-02  0.5323886871337891E-03
upwind          18      31  0.1000000000000000E+01  992000      20  0.7400512695312500E-03  0.1596927642822266E-02  0.5197525024414062E-03
upwind          19      31  0.1000000000000000E+01  992000      20  0.7500648498535156E-03  0.1604795455932617E-02  0.5309581756591797E-03
upwind          20      31  0.1000000000000000E+01  992000      20  0.7510185241699219E-03  0.1616001129150391E-02  0.5221366882324219E-03
upwind          21      31  0.1000000000000000E+01  992000      20  0.7460117340087891E-03  0.1619815826416016E-02  0.5507469177246094E-03
upwind          22      31  0.1000000000000000E+01  992000      20  0.7340908050537109E-03  0.1626968383789062E-02  0.5521774291992188E-03
upwind          23      31  0.1000000000000000E+01  992000      20  0.7371902465820312E-03  0.1635789871215820E-02  0.5562305450439453E-03
upwind          24      31  0.1000000000000000E+01  992000      20  0.7328987121582031E-03  0.1641035079956055E-02  0.5764961242675781E-03
upwind          25      31  0.1000000000000000E+01  992000      20  0.7500648498535156E-03  0.1649856567382812E-02  0.5297660827636719E-03
upwind          26      31  0.1000000000000000E+01  992000      20  0.7510185241699219E-03  0.1654863357543945E-02  0.5860328674316406E-03
upwind          27      31  0.1000000000000000E+01  992000      20  0.7359981536865234E-03  0.1662969589233398E-02  0.5888938903808594E-03
upwind          28      31  0.1000000000000000E+01  992000      20  0.7510185241699219E-03  0.1669883728027344E-02  0.5941390991210938E-03
upwind          29      31  0.1000000000000000E+01  992000      20  0.7460117340087891E-03  0.1677989959716797E-02  0.6113052368164062E-03
upwind          30      31  0.1000000000000000E+01  992000      20  0.7309913635253906E-03  0.1685857772827148E-02  0.4696846008300781E-03
upwind           0      32  0.1000000000000000E+01 1024000      20  0.9222030639648438E-03  0.1577854156494141E-02  0.5021095275878906E-03
upwind           1      32  0.1000000000000000E+01 1024000      20  0.9548664093017578E-03  0.1584053039550781E-02  0.5090236663818359E-03
upwind           2      32  0.1000000000000000E+01 1024000      20  0.9570121765136719E-03  0.1588821411132812E-02  0.4286766052246094E-03
upwind           3      32  0.1000000000000000E+01 1024000      20  0.9579658508300781E-03  0.1585960388183594E-02  0.4758834838867188E-03
upwind           4      32  0.1000000000000000E+01 1024000      20  0.9579658508300781E-03  0.1584053039550781E-02  0.5061626434326172E-03
upwind           5      32  0.1000000000000000E+01 1024000      20  0.9529590606689453E-03  0.1587152481079102E-02  0.5135536193847656E-03
upwind           6      32  0.1000000000000000E+01 1024000      20  0.9531974792480469E-03  0.1588821411132812E-02  0.5037784576416016E-03
upwind           7      32  0.1000000000000000E+01 1024000      20  0.9460449218750000E-03  0.1592874526977539E-02  0.4673004150390625E-03
upwind           8      32  0.1000000000000000E+01 1024000      20  0.9541511535644531E-03  0.1595020294189453E-02  0.5447864532470703E-03
upwind           9      32  0.1000000000000000E+01 1024000      20  0.9498596191406250E-03  0.1603126525878906E-02  0.5033016204833984E-03
upwind          10      32  0.1000000000000000E+01 1024000      20  0.9541511535644531E-03  0.1602888107299805E-02  0.5238056182861328E-03
upwind          11      32  0.1000000000000000E+01 1024000      20  0.9520053863525391E-03  0.1607894897460938E-02  0.5335807800292969E-03
upwind          12      32  0.1000000000000000E+01 1024000      20  0.9531974792480469E-03  0.1612901687622070E-02  0.5464553833007812E-03
upwind          13      32  0.1000000000000000E+01 1024000      20  0.9531974792480469E-03  0.1617908477783203E-02  0.5607604980468750E-03
upwind          14      32  0.1000000000000000E+01 1024000      20  0.9500980377197266E-03  0.1619815826416016E-02  0.5502700805664062E-03
upwind          15      32  0.1000000000000000E+01 1024000      20  0.9460449218750000E-03  0.1621961593627930E-02  0.5457401275634766E-03
upwind          16      32  0.1000000000000000E+01 1024000      20  0.1162052154541016E-02  0.1626968383789062E-02  0.5493164062500000E-03
upwind          17      32  0.1000000000000000E+01 1024000      20  0.1185178756713867E-02  0.1631975173950195E-02  0.5488395690917969E-03
upwind          18      32  0.1000000000000000E+01 1024000      20  0.1188993453979492E-02  0.1636981964111328E-02  0.5552768707275391E-03
upwind          19      32  0.1000000000000000E+01 1024000      20  0.1189947128295898E-02  0.1641035079956055E-02  0.5698204040527344E-03
upwind          20      32  0.1000000000000000E+01 1024000      20  0.1186132431030273E-02  0.1646995544433594E-02  0.5676746368408203E-03
upwind          21      32  0.1000000000000000E+01 1024000      20  0.1183986663818359E-02  0.1654148101806641E-02  0.5774497985839844E-03
upwind          22      32  0.1000000000000000E+01 1024000      20  0.1188993453979492E-02  0.1657962799072266E-02  0.5919933319091797E-03
upwind          23      32  0.1000000000000000E+01 1024000      20  0.1168012619018555E-02  0.1662969589233398E-02  0.5335807800292969E-03
upwind          24      32  0.1000000000000000E+01 1024000      20  0.1178026199340820E-02  0.1663923263549805E-02  0.5862712860107422E-03
upwind          25      32  0.1000000000000000E+01 1024000      20  0.1167058944702148E-02  0.1668930053710938E-02  0.5972385406494141E-03
upwind          26      32  0.1000000000000000E+01 1024000      20  0.1178026199340820E-02  0.1673936843872070E-02  0.5443096160888672E-03
upwind          27      32  0.1000000000000000E+01 1024000      20  0.1178979873657227E-02  0.1676082611083984E-02  0.5168914794921875E-03
upwind          28      32  0.1000000000000000E+01 1024000      20  0.1173019409179688E-02  0.1672983169555664E-02  0.5950927734375000E-03
upwind          29      32  0.1000000000000000E+01 1024000      20  0.1174926757812500E-02  0.1677989959716797E-02  0.5452632904052734E-03
upwind          30      32  0.1000000000000000E+01 1024000      20  0.1170158386230469E-02  0.1675844192504883E-02  0.5519390106201172E-03
upwind          31      32  0.1000000000000000E+01 1024000      20  0.1172065734863281E-02  0.1673936843872070E-02  0.5936622619628906E-03
