 -0.4000000000000000E+02  0.0000000000000000E+00  0.0000000000000000E+00
 -0.3919191919191919E+02  0.1278578703917301E-65  0.0000000000000000E+00
 -0.3838383838383838E+02  0.6003583034807689E-60  0.0000000000000000E+00
 -0.3757575757575758E+02  0.7629372785792232E-55  0.0000000000000000E+00
 -0.3676767676767677E+02  0.2617134901797753E-50  0.0000000000000000E+00
 -0.3595959595959596E+02  0.2399764762227257E-46  0.0000000000000000E+00
 -0.3515151515151515E+02  0.5662039419572792E-43  0.0000000000000000E+00
 -0.3434343434343435E+02  0.2888263442724026E-40  0.0000000000000000E+00
 -0.3353535353535354E+02 -0.3865842265932433E-39  0.0000000000000000E+00
 -0.3272727272727273E+02 -0.4416718937247005E-36  0.0000000000000000E+00
 -0.3191919191919192E+02  0.4477597432043804E-34  0.0000000000000000E+00
 -0.3111111111111111E+02 -0.1825972381245038E-32  0.0000000000000000E+00
 -0.3030303030303030E+02  0.6940582515881447E-32  0.0000000000000000E+00
 -0.2949494949494949E+02  0.3263432228556055E-29  0.0000000000000000E+00
 -0.2868686868686869E+02 -0.2081285144819913E-27  0.0000000000000000E+00
 -0.2787878787878788E+02  0.7735690811685121E-26  0.0000000000000000E+00
 -0.2707070707070707E+02 -0.2052131780520505E-24  0.0000000000000000E+00
 -0.2626262626262626E+02  0.4104374557707831E-23  0.0000000000000000E+00
 -0.2545454545454545E+02 -0.6183572181419765E-22  0.0000000000000000E+00
 -0.2464646464646465E+02  0.6492253506223222E-21  0.0000000000000000E+00
 -0.2383838383838384E+02 -0.2887795000097644E-20  0.0000000000000000E+00
 -0.2303030303030303E+02 -0.5497430589445074E-19  0.0000000000000000E+00
 -0.2222222222222222E+02  0.1688677188684114E-17  0.0000000000000000E+00
 -0.2141414141414142E+02 -0.2720212922402485E-16  0.0000000000000000E+00
 -0.2060606060606061E+02  0.3230369731443480E-15  0.0000000000000000E+00
 -0.1979797979797980E+02 -0.3051981445316158E-14  0.0000000000000000E+00
 -0.1898989898989899E+02  0.2346534770336141E-13  0.0000000000000000E+00
 -0.1818181818181818E+02 -0.1465139422536400E-12  0.0000000000000000E+00
 -0.1737373737373737E+02  0.7227439947958494E-12  0.0000000000000000E+00
 -0.1656565656565657E+02 -0.2588528544379557E-11  0.0000000000000000E+00
 -0.1575757575757576E+02  0.4624161621412655E-11  0.0000000000000000E+00
 -0.1494949494949495E+02  0.1583582693949849E-10  0.0000000000000000E+00
 -0.1414141414141414E+02 -0.1776109245631297E-09  0.0000000000000000E+00
 -0.1333333333333333E+02  0.8129748080110874E-09  0.0000000000000000E+00
 -0.1252525252525253E+02 -0.2125733937273404E-08  0.0000000000000000E+00
 -0.1171717171717172E+02  0.1689615291322687E-08  0.0000000000000000E+00
 -0.1090909090909091E+02  0.1062816027302932E-07  0.1463320602016041-291
 -0.1010101010101010E+02 -0.4548969918089294E-07  0.1167027839692630-273
 -0.9292929292929294E+01  0.5386438399288401E-07  0.2521384329126549-256
 -0.8484848484848484E+01  0.1534647029913599E-06  0.1475750659044277-239
 -0.7676767676767675E+01 -0.6297336208873428E-06  0.2339930864883066-223
 -0.6868686868686872E+01  0.2857334684631258E-06  0.1005099761264311-207
 -0.6060606060606062E+01  0.2781465079000494E-05  0.1169583996754566-192
 -0.5252525252525253E+01 -0.4869699231572009E-05  0.3686971396178714-178
 -0.4444444444444443E+01 -0.7599277042881418E-05  0.3148648806112481-164
 -0.3636363636363640E+01  0.2695500328724329E-04  0.7284416699642743-151
 -0.2828282828282831E+01  0.1439273836707352E-04  0.4565427424165528-138
 -0.2020202020202021E+01 -0.1089837233792120E-03  0.7751472468045301-126
 -0.1212121212121211E+01 -0.2654472709110589E-04  0.3565357456864794-114
 -0.4040404040404013E+00  0.3753851345831804E-03  0.4442608578093246-103
  0.4040404040404013E+00  0.1221749877611573E-03  0.1499647290814220E-92
  0.1212121212121211E+01 -0.1126720601825025E-02  0.1371375250348117E-82
  0.2020202020202021E+01 -0.7985697380971054E-03  0.3397344525765129E-73
  0.2828282828282831E+01  0.2703127600375315E-02  0.2280021689314971E-64
  0.3636363636363633E+01  0.3883666891086119E-02  0.4145285710415982E-56
  0.4444444444444443E+01 -0.3708689200704635E-02  0.2041672428188585E-48
  0.5252525252525253E+01 -0.1254898315936559E-01  0.2724167215815337E-41
  0.6060606060606062E+01 -0.4403362630663260E-02  0.9846855479468351E-35
  0.6868686868686865E+01  0.2181236661064685E-01  0.9642229615515691E-29
  0.7676767676767675E+01  0.3567835118704200E-01  0.2557840611140744E-23
  0.8484848484848484E+01  0.5539637820950804E-02  0.1838169649737760E-18
  0.9292929292929294E+01 -0.5690066638104957E-01  0.3578605354916018E-14
  0.1010101010101010E+02 -0.9567228039913808E-01  0.1887374692710860E-10
  0.1090909090909091E+02 -0.6071930240391284E-01  0.2696612547556978E-07
  0.1171717171717172E+02  0.4471581520743415E-01  0.1043746610625787E-04
  0.1252525252525253E+02  0.1672868810077691E+00  0.1094429293941932E-02
  0.1333333333333334E+02  0.2476630864938123E+00  0.3108826201105896E-01
  0.1414141414141414E+02  0.2599821413761110E+00  0.2392331075188629E+00
  0.1494949494949495E+02  0.2175285999322825E+00  0.4987262451489113E+00
  0.1575757575757576E+02  0.1520968453114210E+00  0.2816561695023784E+00
  0.1656565656565657E+02  0.9108705455570773E-01  0.4309157993290225E-01
  0.1737373737373737E+02  0.4740746727841046E-01  0.1786000886731845E-02
  0.1818181818181818E+02  0.2164004033661964E-01  0.2005335427468076E-04
  0.1898989898989899E+02  0.8713935716396099E-02  0.6099700147328471E-07
  0.1979797979797980E+02  0.3106383188336437E-02  0.5026272725350514E-10
  0.2060606060606060E+02  0.9821636597212697E-03  0.1122017722614186E-13
  0.2141414141414141E+02  0.2755536700998484E-03  0.6785306773313437E-18
  0.2222222222222222E+02  0.6854882740037300E-04  0.1111617465881357E-22
  0.2303030303030303E+02  0.1509184793931041E-04  0.4933525074371044E-28
  0.2383838383838383E+02  0.2931574379941988E-05  0.5931648689787277E-34
  0.2464646464646465E+02  0.5002559917668472E-06  0.1932011052835768E-40
  0.2545454545454545E+02  0.7455993629829335E-07  0.1704746845496890E-47
  0.2626262626262626E+02  0.9633406029483862E-08  0.4074987566440105E-55
  0.2707070707070707E+02  0.1068614556872477E-08  0.2638814027567050E-63
  0.2787878787878788E+02  0.1005138507695631E-09  0.4629215342119928E-72
  0.2868686868686869E+02  0.7887912411160437E-11  0.2199996992603524E-81
  0.2949494949494949E+02  0.5054852472520489E-12  0.2832388967710204E-91
  0.3030303030303030E+02  0.2569051229440312E-13  0.9878700179870340-102
  0.3111111111111111E+02  0.9936081586299755E-15  0.9333893020515902-113
  0.3191919191919192E+02  0.2750246302342974E-16  0.2389141855632231-124
  0.3272727272727272E+02  0.4942326935509521E-18  0.1656674388534637-136
  0.3353535353535354E+02  0.4884410593748182E-20  0.3112063739664755-149
  0.3434343434343434E+02  0.2024009484021150E-22  0.1583710923131110-162
  0.3515151515151516E+02  0.2725201254802137E-25  0.2183330313047316-176
  0.3595959595959596E+02  0.1053122292994015E-28  0.8154157213801501-191
  0.3676767676767676E+02  0.1120737483533928E-32  0.8250016556166401-206
  0.3757575757575758E+02  0.3245656237266519E-37  0.2261240021159286-221
  0.3838383838383838E+02  0.2549467501313534E-42  0.1679015131978509-237
  0.3919191919191920E+02  0.5426963161345928E-48  0.3377370150187887-254
  0.4000000000000000E+02  0.0000000000000000E+00  0.1840427927400273-271
