 -0.4000000000000000E+02  0.0000000000000000E+00  0.0000000000000000E+00
 -0.3919191919191919E+02  0.0000000000000000E+00  0.0000000000000000E+00
 -0.3838383838383838E+02  0.0000000000000000E+00  0.0000000000000000E+00
 -0.3757575757575758E+02  0.0000000000000000E+00  0.0000000000000000E+00
 -0.3676767676767677E+02  0.0000000000000000E+00  0.0000000000000000E+00
 -0.3595959595959596E+02  0.0000000000000000E+00  0.0000000000000000E+00
 -0.3515151515151515E+02  0.0000000000000000E+00  0.0000000000000000E+00
 -0.3434343434343435E+02  0.0000000000000000E+00  0.0000000000000000E+00
 -0.3353535353535354E+02  0.0000000000000000E+00  0.0000000000000000E+00
 -0.3272727272727273E+02  0.0000000000000000E+00  0.0000000000000000E+00
 -0.3191919191919192E+02  0.0000000000000000E+00  0.0000000000000000E+00
 -0.3111111111111111E+02  0.0000000000000000E+00  0.0000000000000000E+00
 -0.3030303030303030E+02  0.0000000000000000E+00  0.0000000000000000E+00
 -0.2949494949494949E+02  0.0000000000000000E+00  0.0000000000000000E+00
 -0.2868686868686869E+02  0.0000000000000000E+00  0.0000000000000000E+00
 -0.2787878787878788E+02  0.0000000000000000E+00  0.0000000000000000E+00
 -0.2707070707070707E+02  0.0000000000000000E+00  0.0000000000000000E+00
 -0.2626262626262626E+02  0.0000000000000000E+00  0.0000000000000000E+00
 -0.2545454545454545E+02  0.0000000000000000E+00  0.0000000000000000E+00
 -0.2464646464646465E+02  0.0000000000000000E+00  0.0000000000000000E+00
 -0.2383838383838384E+02  0.0000000000000000E+00  0.0000000000000000E+00
 -0.2303030303030303E+02  0.0000000000000000E+00  0.0000000000000000E+00
 -0.2222222222222222E+02  0.0000000000000000E+00  0.0000000000000000E+00
 -0.2141414141414142E+02  0.0000000000000000E+00  0.0000000000000000E+00
 -0.2060606060606061E+02  0.0000000000000000E+00  0.0000000000000000E+00
 -0.1979797979797980E+02  0.0000000000000000E+00  0.0000000000000000E+00
 -0.1898989898989899E+02  0.0000000000000000E+00  0.0000000000000000E+00
 -0.1818181818181818E+02  0.0000000000000000E+00  0.0000000000000000E+00
 -0.1737373737373737E+02  0.0000000000000000E+00  0.0000000000000000E+00
 -0.1656565656565657E+02  0.0000000000000000E+00  0.0000000000000000E+00
 -0.1575757575757576E+02  0.2145504879920666E-06  0.0000000000000000E+00
 -0.1494949494949495E+02 -0.9032069869915183E-05  0.0000000000000000E+00
 -0.1414141414141414E+02  0.1759680037913750E-03  0.0000000000000000E+00
 -0.1333333333333333E+02 -0.2095746075863421E-02  0.0000000000000000E+00
 -0.1252525252525253E+02  0.1695167678213562E-01  0.0000000000000000E+00
 -0.1171717171717172E+02 -0.9758148419064799E-01  0.0000000000000000E+00
 -0.1090909090909091E+02  0.4051476404675995E+00  0.0000000000000000E+00
 -0.1010101010101010E+02 -0.1188830593599650E+01  0.0000000000000000E+00
 -0.9292929292929294E+01  0.2256177910878689E+01  0.0000000000000000E+00
 -0.8484848484848484E+01 -0.1797351697164907E+01  0.0000000000000000E+00
 -0.7676767676767675E+01 -0.3213012433170030E+01  0.0000000000000000E+00
 -0.6868686868686872E+01  0.1098382742348445E+02  0.0000000000000000E+00
 -0.6060606060606062E+01 -0.8421408383621094E+01  0.0000000000000000E+00
 -0.5252525252525253E+01 -0.1435836107799681E+02  0.0000000000000000E+00
 -0.4444444444444443E+01  0.3084882724395916E+02  0.0000000000000000E+00
 -0.3636363636363640E+01  0.2568876738883500E+01  0.0000000000000000E+00
 -0.2828282828282831E+01 -0.5184906657043929E+02  0.0000000000000000E+00
 -0.2020202020202021E+01  0.1733068533529513E+02  0.0000000000000000E+00
 -0.1212121212121211E+01  0.6504224093758521E+02  0.0000000000000000E+00
 -0.4040404040404013E+00 -0.2952406713241356E+02  0.0000000000000000E+00
  0.4040404040404013E+00 -0.7181781580927621E+02  0.0000000000000000E+00
  0.1212121212121211E+01  0.2274849226072253E+02  0.0000000000000000E+00
  0.2020202020202021E+01  0.7046004786301262E+02  0.0000000000000000E+00
  0.2828282828282831E+01  0.1280295957278241E+01  0.0000000000000000E+00
  0.3636363636363633E+01 -0.5313764735204457E+02  0.0000000000000000E+00
  0.4444444444444443E+01 -0.2485769684696893E+02  0.0000000000000000E+00
  0.5252525252525253E+01  0.2034949147498704E+02  0.0000000000000000E+00
  0.6060606060606062E+01  0.2628644416936276E+02  0.0000000000000000E+00
  0.6868686868686865E+01  0.6881208362257231E+01  0.0000000000000000E+00
  0.7676767676767675E+01 -0.7315631494397250E+01  0.0000000000000000E+00
  0.8484848484848484E+01 -0.8731292230402376E+01  0.0000000000000000E+00
  0.9292929292929294E+01 -0.4677762622358782E+01  0.0000000000000000E+00
  0.1010101010101010E+02 -0.1232754117880443E+01  0.0000000000000000E+00
  0.1090909090909091E+02  0.3612241161868074E+00  0.0000000000000000E+00
  0.1171717171717172E+02  0.8639532408450554E+00  0.0000000000000000E+00
  0.1252525252525253E+02  0.9784864018178392E+00  0.0000000000000000E+00
  0.1333333333333334E+02  0.9975338246758382E+00  0.0000000000000000E+00
  0.1414141414141414E+02  0.9998055387554929E+00  0.0000000000000000E+00
  0.1494949494949495E+02  0.9999905388291541E+00  0.0000000000000000E+00
  0.1575757575757576E+02  0.9999997854495120E+00  0.1000000000000000E+01
  0.1656565656565657E+02  0.1000000000000000E+01  0.1000000000000000E+01
  0.1737373737373737E+02  0.1000000000000000E+01  0.1000000000000000E+01
  0.1818181818181818E+02  0.1000000000000000E+01  0.1000000000000000E+01
  0.1898989898989899E+02  0.1000000000000000E+01  0.1000000000000000E+01
  0.1979797979797980E+02  0.1000000000000000E+01  0.1000000000000000E+01
  0.2060606060606060E+02  0.1000000000000000E+01  0.1000000000000000E+01
  0.2141414141414141E+02  0.1000000000000000E+01  0.1000000000000000E+01
  0.2222222222222222E+02  0.1000000000000000E+01  0.1000000000000000E+01
  0.2303030303030303E+02  0.1000000000000000E+01  0.1000000000000000E+01
  0.2383838383838383E+02  0.1000000000000000E+01  0.1000000000000000E+01
  0.2464646464646465E+02  0.1000000000000000E+01  0.1000000000000000E+01
  0.2545454545454545E+02  0.1000000000000000E+01  0.1000000000000000E+01
  0.2626262626262626E+02  0.1000000000000000E+01  0.1000000000000000E+01
  0.2707070707070707E+02  0.1000000000000000E+01  0.1000000000000000E+01
  0.2787878787878788E+02  0.1000000000000000E+01  0.1000000000000000E+01
  0.2868686868686869E+02  0.1000000000000000E+01  0.1000000000000000E+01
  0.2949494949494949E+02  0.1000000000000000E+01  0.1000000000000000E+01
  0.3030303030303030E+02  0.1000000000000000E+01  0.1000000000000000E+01
  0.3111111111111111E+02  0.1000000000000000E+01  0.1000000000000000E+01
  0.3191919191919192E+02  0.1000000000000000E+01  0.1000000000000000E+01
  0.3272727272727272E+02  0.1000000000000000E+01  0.1000000000000000E+01
  0.3353535353535354E+02  0.1000000000000000E+01  0.1000000000000000E+01
  0.3434343434343434E+02  0.1000000000000000E+01  0.1000000000000000E+01
  0.3515151515151516E+02  0.1000000000000000E+01  0.1000000000000000E+01
  0.3595959595959596E+02  0.1000000000000000E+01  0.1000000000000000E+01
  0.3676767676767676E+02  0.1000000000000000E+01  0.1000000000000000E+01
  0.3757575757575758E+02  0.1000000000000000E+01  0.1000000000000000E+01
  0.3838383838383838E+02  0.1000000000000000E+01  0.1000000000000000E+01
  0.3919191919191920E+02  0.1000000000000000E+01  0.1000000000000000E+01
  0.4000000000000000E+02  0.1000000000000000E+01  0.1000000000000000E+01
