 -0.4000000000000000E+02  0.0000000000000000E+00  0.0000000000000000E+00
 -0.3919191919191919E+02  0.0000000000000000E+00  0.0000000000000000E+00
 -0.3838383838383838E+02  0.0000000000000000E+00  0.0000000000000000E+00
 -0.3757575757575758E+02  0.0000000000000000E+00  0.0000000000000000E+00
 -0.3676767676767677E+02  0.0000000000000000E+00  0.0000000000000000E+00
 -0.3595959595959596E+02  0.0000000000000000E+00  0.0000000000000000E+00
 -0.3515151515151515E+02  0.0000000000000000E+00  0.0000000000000000E+00
 -0.3434343434343435E+02  0.0000000000000000E+00  0.0000000000000000E+00
 -0.3353535353535354E+02  0.0000000000000000E+00  0.0000000000000000E+00
 -0.3272727272727273E+02  0.0000000000000000E+00  0.0000000000000000E+00
 -0.3191919191919192E+02  0.0000000000000000E+00  0.0000000000000000E+00
 -0.3111111111111111E+02  0.0000000000000000E+00  0.0000000000000000E+00
 -0.3030303030303030E+02  0.0000000000000000E+00  0.0000000000000000E+00
 -0.2949494949494949E+02  0.0000000000000000E+00  0.0000000000000000E+00
 -0.2868686868686869E+02  0.0000000000000000E+00  0.0000000000000000E+00
 -0.2787878787878788E+02  0.0000000000000000E+00  0.0000000000000000E+00
 -0.2707070707070707E+02  0.0000000000000000E+00  0.0000000000000000E+00
 -0.2626262626262626E+02  0.0000000000000000E+00  0.0000000000000000E+00
 -0.2545454545454545E+02  0.0000000000000000E+00  0.0000000000000000E+00
 -0.2464646464646465E+02  0.0000000000000000E+00  0.0000000000000000E+00
 -0.2383838383838384E+02  0.0000000000000000E+00  0.0000000000000000E+00
 -0.2303030303030303E+02  0.0000000000000000E+00  0.0000000000000000E+00
 -0.2222222222222222E+02  0.0000000000000000E+00  0.0000000000000000E+00
 -0.2141414141414142E+02  0.0000000000000000E+00  0.0000000000000000E+00
 -0.2060606060606061E+02  0.0000000000000000E+00  0.0000000000000000E+00
 -0.1979797979797980E+02  0.0000000000000000E+00  0.0000000000000000E+00
 -0.1898989898989899E+02  0.0000000000000000E+00  0.0000000000000000E+00
 -0.1818181818181818E+02  0.0000000000000000E+00  0.0000000000000000E+00
 -0.1737373737373737E+02  0.0000000000000000E+00  0.0000000000000000E+00
 -0.1656565656565657E+02  0.0000000000000000E+00  0.0000000000000000E+00
 -0.1575757575757576E+02  0.0000000000000000E+00  0.0000000000000000E+00
 -0.1494949494949495E+02  0.0000000000000000E+00  0.0000000000000000E+00
 -0.1414141414141414E+02  0.0000000000000000E+00  0.0000000000000000E+00
 -0.1333333333333333E+02  0.0000000000000000E+00  0.0000000000000000E+00
 -0.1252525252525253E+02  0.0000000000000000E+00  0.0000000000000000E+00
 -0.1171717171717172E+02  0.0000000000000000E+00  0.0000000000000000E+00
 -0.1090909090909091E+02  0.0000000000000000E+00  0.0000000000000000E+00
 -0.1010101010101010E+02  0.0000000000000000E+00  0.0000000000000000E+00
 -0.9292929292929294E+01  0.0000000000000000E+00  0.0000000000000000E+00
 -0.8484848484848484E+01  0.0000000000000000E+00  0.0000000000000000E+00
 -0.7676767676767675E+01  0.0000000000000000E+00  0.0000000000000000E+00
 -0.6868686868686872E+01  0.0000000000000000E+00  0.0000000000000000E+00
 -0.6060606060606062E+01  0.0000000000000000E+00  0.0000000000000000E+00
 -0.5252525252525253E+01  0.0000000000000000E+00  0.0000000000000000E+00
 -0.4444444444444443E+01  0.0000000000000000E+00  0.0000000000000000E+00
 -0.3636363636363640E+01  0.0000000000000000E+00  0.0000000000000000E+00
 -0.2828282828282831E+01  0.0000000000000000E+00  0.0000000000000000E+00
 -0.2020202020202021E+01  0.0000000000000000E+00  0.0000000000000000E+00
 -0.1212121212121211E+01  0.0000000000000000E+00  0.0000000000000000E+00
 -0.4040404040404013E+00  0.0000000000000000E+00  0.0000000000000000E+00
  0.4040404040404013E+00  0.1353808242606926E-22  0.0000000000000000E+00
  0.1212121212121211E+01  0.3509895022028310E-20  0.0000000000000000E+00
  0.2020202020202021E+01  0.4324216821997555E-18  0.0000000000000000E+00
  0.2828282828282831E+01  0.3366376101918714E-16  0.0000000000000000E+00
  0.3636363636363633E+01  0.1857414112241461E-14  0.0000000000000000E+00
  0.4444444444444443E+01  0.7721795036448714E-13  0.0000000000000000E+00
  0.5252525252525253E+01  0.2510052653290246E-11  0.0000000000000000E+00
  0.6060606060606062E+01  0.6534065324189443E-10  0.0000000000000000E+00
  0.6868686868686865E+01  0.1383758853636466E-08  0.0000000000000000E+00
  0.7676767676767675E+01  0.2408348091260387E-07  0.0000000000000000E+00
  0.8484848484848484E+01  0.3465182285936757E-06  0.0000000000000000E+00
  0.9292929292929294E+01  0.4131621788327994E-05  0.0000000000000000E+00
  0.1010101010101010E+02  0.4078952691575488E-04  0.0000000000000000E+00
  0.1090909090909091E+02  0.3320911409049393E-03  0.0000000000000000E+00
  0.1171717171717172E+02  0.2212886344269889E-02  0.0000000000000000E+00
  0.1252525252525253E+02  0.1192760243817232E-01  0.0000000000000000E+00
  0.1333333333333334E+02  0.5112964971927315E-01  0.0000000000000000E+00
  0.1414141414141414E+02  0.1702397064199068E+00  0.0000000000000000E+00
  0.1494949494949495E+02  0.4265852632321401E+00  0.0000000000000000E+00
  0.1575757575757576E+02  0.7750275075032307E+00  0.1000000000000000E+01
  0.1656565656565657E+02  0.1000000000000000E+01  0.1000000000000000E+01
  0.1737373737373737E+02  0.1000000000000000E+01  0.1000000000000000E+01
  0.1818181818181818E+02  0.1000000000000000E+01  0.1000000000000000E+01
  0.1898989898989899E+02  0.1000000000000000E+01  0.1000000000000000E+01
  0.1979797979797980E+02  0.1000000000000000E+01  0.1000000000000000E+01
  0.2060606060606060E+02  0.1000000000000000E+01  0.1000000000000000E+01
  0.2141414141414141E+02  0.1000000000000000E+01  0.1000000000000000E+01
  0.2222222222222222E+02  0.1000000000000000E+01  0.1000000000000000E+01
  0.2303030303030303E+02  0.1000000000000000E+01  0.1000000000000000E+01
  0.2383838383838383E+02  0.1000000000000000E+01  0.1000000000000000E+01
  0.2464646464646465E+02  0.1000000000000000E+01  0.1000000000000000E+01
  0.2545454545454545E+02  0.1000000000000000E+01  0.1000000000000000E+01
  0.2626262626262626E+02  0.1000000000000000E+01  0.1000000000000000E+01
  0.2707070707070707E+02  0.1000000000000000E+01  0.1000000000000000E+01
  0.2787878787878788E+02  0.1000000000000000E+01  0.1000000000000000E+01
  0.2868686868686869E+02  0.1000000000000000E+01  0.1000000000000000E+01
  0.2949494949494949E+02  0.1000000000000000E+01  0.1000000000000000E+01
  0.3030303030303030E+02  0.1000000000000000E+01  0.1000000000000000E+01
  0.3111111111111111E+02  0.1000000000000000E+01  0.1000000000000000E+01
  0.3191919191919192E+02  0.1000000000000000E+01  0.1000000000000000E+01
  0.3272727272727272E+02  0.1000000000000000E+01  0.1000000000000000E+01
  0.3353535353535354E+02  0.1000000000000000E+01  0.1000000000000000E+01
  0.3434343434343434E+02  0.1000000000000000E+01  0.1000000000000000E+01
  0.3515151515151516E+02  0.1000000000000000E+01  0.1000000000000000E+01
  0.3595959595959596E+02  0.1000000000000000E+01  0.1000000000000000E+01
  0.3676767676767676E+02  0.1000000000000000E+01  0.1000000000000000E+01
  0.3757575757575758E+02  0.1000000000000000E+01  0.1000000000000000E+01
  0.3838383838383838E+02  0.1000000000000000E+01  0.1000000000000000E+01
  0.3919191919191920E+02  0.1000000000000000E+01  0.1000000000000000E+01
  0.4000000000000000E+02  0.1000000000000000E+01  0.1000000000000000E+01
